000000000000000000000000000000000000000000000000000000000000000000000000000000000000000000000000000000000000000000000000000000000000000000000000
000000000000000000000000000000000000000000000000000000000000000000000000000000000000000000000000000000000000000000000000000000000000000000000000
000000066666666666666666666666666666666666666666666666666666666666666666666666666666666666666666666666666666666666666666666666666666666660000000
000006660000000000000000000000000000000000000000000000000000000000000000000000000000000000000000000000000000000000000000000000000000000066600000
000066000000000000000000000000000000000000000000000010000001000000001000000100000000100000000000000010000000000000000000000000000000000000660000
000660000000000000000000000000000000000001000000000000000100000010000000010000001000000001000000000000000100000000000000000000000000000000066000
000600000000000000000000000000000000000000000010000001000000001000000100000000100000010000000010000000000000001000000000000000000000000000006000
006600000000000000000000000000000001000000000000000100000010000000010000001000000001000000100000000100000000000000000000000000000000000000006600
006000000000000000000000000000000000000010000001000000001000000100000000100000010000000010000001000000001000000000000000000000000000000000000600
006000000000000000000000000001000000000000000100000010000000010000001000000001000000100000000100000010000000010000000000000000000000000000000600
006000000000000000000000000000000010000000000000001000000100000000100000010000000010000001000000001000000000000000100000000000000000000000000600
006000000000000000000000000000000000000100000010000000010000001000000101000000100000000100000010000000010000000000000000000000000000000000000600
006000000000000000000000000010000000000000001000000100000010100000010000001010000001000000001000000100000000100000000000000000000000000000000600
006000000000000000000000000000000100000010000000010000001000000101000000100000010100000010000000010000001000000001000000000000000000000000000600
006000000000000000000000000000000000001000000100000010100000010000001010000001000000101000000100000000100000000000000010000000000000000000000600
006000000000000000000000000100000010000000010000001000000101000000100000010100000010000001010000001000000001000000000000000000000000000000000600
006000000000000000000000000000001000000100000000100000010000001010000001000000101000000100000010100000010000000010000000000000000000000000000600
006000000000000000000100000000000000010000001000000101000000100000010100000010000001010000001000000101000000100000000100000000000000000000000600
006000000000000000000000001000000100000000100000010000001010000001000000101000000100000010100000010000000010000001000000001000000000000000000600
006000000000000000000000000000010000001000000101000000100000010100002010000001010000001000000101000000100000000100000000000000000000000000000600
006000000000000000001000000000000000100000010000001010000001000000101000010100000010100000010000001010000001000000001000000000000000000000000600
006000000000000000000000010000001000000101000000100000010100001010000001010000101000000101000000100000010100000010000000010000000000000000000600
006000000000000000000000000000100000010000001010000001000000101000010100000010100001010000001010000001000000001000000100000000100000000000000600
006000000000000000010000001000000001000000100000010100002010000001010000201000000101000020100000010100000010000000010000000000000000000000000600
006000000000000000000000100000010000001010000001000000101000010100000010100001010000001010000101000000101000000100000000100000000000000000000600
006000000000000000000000000001000000100000010100001010000001010000166687876666000010100000010100000010000001010000001000000001000000000000000600
006000000000000000100000010000000010000001000000101000010100000666566678785666566610000101000000101000000100000000100000010000000010000000000600
006000000000000000000001000000100000010100002010000001010000266666666687876666666666010100002010000001010000001000000001000000000000000000000600
006000000000000000000000000010000001000000101000010100000016566656665678776656665666560000101000010100000010100000010000000010000000000000000600
006000000000000001000000100000010100000010000001010000101666666666666687876666666666666610000001010000101000000101000000100000000100000000000600
006000000000000000000010000001000000101000010100000010166656665666566678785666566656665666010100000010100000010000000010000000000000000000000600
006000000001000000000000000100000010000001010000201000666666666666666687876666666666666666610000201000000101000000100000000100000000000000000600
006000000000000010000001000000101000000100000010100006665666566656665678776656665666566656661010100001010000001010000001000000001000000000000600
006000000000000000000100000010000001010000101000010166666666666666666687876666666666666666666000000101000010100000010100000010000000010000000600
006000000010000000000000001000000100000010100001010666566656665666566678785666566656665666566601010000001010000001000000001000000000000000000600
006000000000000100000010000001010000201000000101006666666666666666666687876666666666666666666661000020100000010100000010000000010000000000000600
006000000000000000001000000100000010100001010000166656665666566656665678776656665666566656665666101010000101000000101000000100000000100000000600
006000000100000000000000010000001000000101000010666666666666666666666687876666666666666666666666600000010100000010000001010000000000000000000600
006000000000001000000100000010100001010000001010665666566656665666566678785666566656665666566656600101000000101000000100000000100000000000000600
006000000000000000010000001000000101000020100006666666666666666666666687876666666666666666666666660100002010000001010000001000000001000000000600
006000001000000100000000100000010000001010000106566656665666566656665678776656665666566656665666560010101000010100000010100000010000000010000600
006000000000010000001000000101000010100001010166666666666666666666666687876666666666666666666666666010000001010000001000000001000000000000000600
006000000000000000100000010000001010000101000056665666566656665666566678785666566656665666566656665000010100000010100000010000000010000000000600
006000010000001000000001000000100000010100002666666666666666666666666687876666666666666666666666666601010000201000000101000000100000000100000600
006000000000100000010000001010000101000010101666566656665666566656665678776656665666566656665666566600001010100001010000001010000000000000000600
006000000000000001000000100000010100001010006666666666666666666666666687876666666666666666666666666660101000000101000000100000000100000000000600
006000100000010000000010000001000000101000016656665666566656665666566678785666566656665666566656665660100001010000001010000001000000001000000600
006000000001000000100000010100002010000101016666666666666666666666666687876666666666666666666666666660010101000020100000010100000010000000010600
006000000000000010000001000000101000010100005666566656665666566656665678776656665666566656665666566651010000001010000001000000001000000000000600
006001000000100000000100000010000001010000166666666666666666666666666687876666666666666666666666666666000010100000010100000010000000010000000600
006000000010000001000000101000010100001010166656665666566656665666566678785666566656665666566656665666101010000101000000101000000100000000100600
006000000000000100000010000001010000201000066666666666666666666666666687876666666666666666666666666666100001010100002010000000010000000000000600
006010000000000000001000000100000010100001065666566656665666566656665678776656665666566656665666566656000101000000101000000100000000100000000600
006000000100000010000001010000101000010101066666666666666666666666666687876666666666666666666666666666010100001010000001010000001000000001000600
006000000000001000000100000010100001010000166656665666566656665666566678785666566656665666566656665666000010101000010100000010100000010000000600
006000000000000000010000001000000101000020166666666666666666666666666666666666666666666666666666666666002010000001010000001000000001000000000600
006000001000000100000010100001010000101010065666566656665666566656665666566656665666566656665666566656101000010100000010100000010000000010000600
006000000000010000001000000101000010100001066666666666666666666666666666666666666666666666666666666666000101010000101000000101000000100000000600
006000000000000000100000010000001010000101000044444444444444444444444444444444444444444444444444444001010100001010100000010000000010000000000600
006000010000001000000101000020100001010100102054545454545454545454545454545454545454545454545454545101010000201000000101000000100000000100000600
006000000000100000010000001010000101000010101044444444444444444444444444444444444444444444444444444100001010100001010000001010000001000000000600
006000000000000001000000100000010100001010000154545454545454545454545454545454545454545454545454545010101000010101000010100000000100000000000600
006000100000010000001010000101000010101000010144444444444444444444444444444444444444444444444444444010100001010000001010000001000000001000000600
006000000001000000100000010100002010000101010054545454545454545454545454545454545454545454545454545000010101000020100000010100000010000000010600
006000000000000010000001000000101000010100001044444444444444000000444444444444000000444444444444444101010000101010000101000000101000000000000600
006001000000100000010100001010000001010000101054545454545454000000545454545454000000545454545454545101000010100000010100000010000000010000000600
006000000010000001000000101000010100001010100144444444444444000000444444444444000000444444444444444000101010000101000000101000000100000000100600
006000000000000100000010000001010000201000010154545454545454000000545454545454000000545454545454545020100001010100002010000001010000000000000600
006010000001000000101000000100000010100001010004444444444444444444444444444444444444444444444444441010000101000000101000000100000000100000000600
006000000100000010000001010000101000010101001014545454545454545454545454545454545454545454545454540001010100001010000001010000001000000001000600
006000000000001000000100000010100001010000101064444444444444444444444444444444444444444444444444470101000010101000010100000010100000010000000600
006000000000000000010000001000000101000020100076745454545454545454545454545454545454545454545456760100102010000001010000001000000001000000000600
006000001000000100000010100001010000101010010167666444444444444444444444444444444444444444444667660010101000010100000010100000010000000010000600
006000000000010000001000000101000010100001010176767676545454545454545454545454545454545454767676761010000101010000101000000101000000100000000600
006000000000000000100000010000001010000101000066676667666444444444444444444444444444444667666766671001010100000010100000010000000010000000000600
006000010000001000000101000020100001010100002076767676767676545454545454545454545454767676767676760101010000201000000101000000100000000100000600
006000000000100000010000001010000101000010101067666766676667666764444444444444476667666766676667660100001010100001010000001010000001000000000600
006000000000000001000000100000010100001010000176767676767676767676767676767676767676767676767676760000101000000101000000100000000100000000000600
006000100000010000001010000001000000101000010166676667666766676667666766676667666766676667666766671010100001010000001010000001000000001000000600
006000000001000000100000010100002010000101010076767676767676767676767676767676767676767676767676761000010101000020100000010100000010000000010600
006000000000000010000001000000101000010100001067666766676667666766676667666766676667666766676667660001010000001010000001000000001000000000000600
006001000000000000000100000010000001010000101076767676767676767676767676767676767676767676767676760101000010100000010100000010000000010000000600
006000000010000001000000101000010100001010100066676667663766676637666766376667663766676637666766670000101010000101000000101000000100000000100600
006000000000000100000010000001010000201000010176767676764676767646767676467676764676767646767676760020100000010100000010000000010000000000000600
006000000000000000001000000100000010100001010067666766673667666736676667366766673667666736676667661010000101000000101000000100000000100000000600
006000000100000010000001010000001000000101000076767676764676767646767676467676764676767646767676760001010100001010000001010000001000000001000600
006000000000001000000100000010100001010000101066676667663766676637666766376667663766676637666766670101000000101000000100000000100000000000000600
006000000000000000010000001000000101000020100076767676767476767646767676467676764676767476767676760100002010000001010000001000000001000000000600
006000001000000100000000100000010000001010000167666766676467666736676667366766673667666466676667660010101000010100000010100000010000000010000600
006000000000010000001000000101000010100000010176767676767476767646767676467676764676767476767676761010000001010000001000000001000000000000000600
006000000000000000100000010000001010000101000066676667666466676637666766376667663766676467666766671000010100000010100000010000000010000000000600
006000000000000000000001000000100000010100002076767676767476767674767676467676747676767476767676760101010000201000000101000000100000000100000600
006000000000100000010000001010000001000000101007666766676467666764676667366766646667666466676667610100000010100000010000000010000000000000000600
006000000000000001000000100000010100001010000006767676767476767674767676467676747676767476767676710000101000000101000000100000000100000000000600
006000000000000000000010000001000000101000010106676667666466676664666766376667646766676467666766600010100001010000001010000001000000001000000600
006000000001000000000000000100000010000001010006767676767476767674767676467676747676767476767676701000000101000000100000000100000000000000000600
006000000000000010000001000000101000000100000017666766676637666764676667366766646667663766676667600001010000001010000001000000001000000000000600
006000000000000000000100000010000001010000101000767676767646767674767676467676747676764676767676000101000000100000010100000010000000010000000600
006000000000000000000000001000000100000010100001676667666736676664666766376667646766673667666766010000001010000001000000001000000000000000000600
006000000000000100000010000000010000001000000101767676767646767674767676467676747676764676767676000020100000010100000000000000000000000000000600
006000000000000000001000000100000010100000010000666766676637666764676667366766646667663766676667001010000001000000000000000000000000000000000600
006000000000000000000000010000001000000101000010167676767646767674767676467676747676764676767670100000010100000010000900009990900090000000000600
006000000000001000000000000000100000010000001010076667666736676664666766376667646766673667666760000001000000101000000900000900900090000000000600
006000000000000000010000001000000001000000100000067676767646767674767676467676747676764676767670010100000010000000000900000900900090000000000600
006000000000000000000000100000010000001010000001006766676637666764676667366766646667663766676601000000101000000100000900000900900090000000000600
006000000000000000000000000001000000100000010100007676767674767674767676467676747676747676767600000010000001010000000900000900900090000000000600
006000000000000000100000000000000010000001000000106667666764676664666766376667646766646667666700101000000100000000100900000900090900000000000600
006000000000000000000001000000100000000100000010000676767674767674767676467676747676747676767010000001010000001000000999909990009000000000000600
006000000000000000000000000010000001000000101000000166676664666764676667366766646667646766671000000100000000100000000000000000000000000000000600
006000000000000000000000000000000100000010000001010076767674767676467676467676467676747676760001010000001000000001000000000000000000000000000600
006000000000000000000010000000000000001000000100000017666764676667366766376667366766646667600100000010100000010000000010000000000000000000000600
006000000000000000000000000100000010000000010000001006767674767676467676467676467676747676710000001000000001000000000000ffffffff0000000000000600
0060000000000000000000000000000010000001000000001000236766646667663766673667663766676467662320101000000100000000100000ffffffffffff00000000000600
00600000000000000000000000000000000001000000100032333276767476767646767646767646767674767633323330000100000010000000ffffffffffffffff000000000600
0060000000000000000000000010000000000000001003232323232667663766673667663766673667663766632323232323000000100000000ffffffffffffffffff00000000600
006000000000000000000000000000010000001000333333333333337676467676467676467676467676467633333333333333300000000100ffffffffffffffffffff0000000600
00600000000000000000000000000000000010002323232323232323266736676637666736676637666736632323232323232323200000000ffffffffffffffffffffff000000600
00600000000000000000000000000000000002333233323332333233327646767646767646767646767646333233323332333233323300000ffffffffffffffffffffff000000600
0060000000000000000000000000001000032323232323232323232323263766673667663766673667663323232323232323232323232310ffffffffffffffffffffffff00000600
0060000000000000000000000000000000333333333333333333333333337676767676767676767676763333333333333333333333333330ffffffffff00000fffffffff00000600
006000000000000000000000000000002323232323232323232323232323266766676667666766676663232323232323232323232323232fffffffffff0ffffffffffffff0000600
006000000000000000000000000000333233323332333233323332333233327676767676767676767633323332333233323332333233323fffffffffff0ffffffffffffff0000600
006000000000000000000000000003232323232323232323232323232323232667666766676667666323232323232323232323232323232fffffffffff0000fffffffffff0000600
006000000000000000000000000333333333333333333333333333333333333376767676767676763333333333333333333333333333333fffffffffffffff0ffffffffff0000600
006000000000000000000000002323232323232323232323232323232323232323676667666766232323232323232323232323232323232fffffffffffffff0ffffffffff0000600
006000000000000000000000023332333233323332333233323332333233323332337676767632333233323332333233323332333233323fffffffffffffff0ffffffffff0000600
006000000000000000000000232323232323232323232323232323232323232323232766676323232323232323232323232323232323232fffffffffffffff0ffffffffff0000600
006000000000000000000003333333333333333333333333333333333333333333333336733333333333333333333333333333333333333fffffffffff0fff0ffffffffff0000600
0060000000000000000000232323232323232323232323232323232323232323232323232323232323232323232323232323232323232323fffffffffff000ffffffffff00000600
0060000000000000000002333233323332333233323332333233323332333233323332333233323332333233323332333233323332333233ffffffffffffffffffffffff00000600
00600000000000000000232323232323232323232323232323232323232323232323232323232323232323232323232323232323232323232ffffffffffffffffffffff000000600
00600000000000000003333333333333333333333333333333333333333333333333333333333333333333333333333333333333333333333ffffffffffffffffffffff000000600
006000000000000000232323232323232323232323232323232323232323232323232323232323232323232323232323232323232323232323ffffffffffffffffffff0000000600
0060000000000000003332333233323332333233323332333233323332333233323332333233323332333233323332333233323332333233323ffffffffffffffffff00000000600
00600000000000000323232323232323232323232323232323232323232323232323232323232323232323232323232323232323232323232323ffffffffffffffff000000000600
0060000000000000333333333333333333333333333333333333333333333333333333333333333333333333333333333333333333333333333333ffffffffffff00000000000600
006600000000000023232323232323232323232323232323232323232323232323232323232323232323232323232323232323232323232323232323ffffffff2000000000006600
000600000000000332333233323332333233323332333233323332333233323332333233323332333233323332333233323332333233323332333233323332333200000000006000
000660000000000323232323232323232323232323232323232323232323232323232323232323232323232323232323232323232323232323232323232323232300000000066000
000066000000003333333333333333333333333333333333333333333333333333333333333333333333333333333333333333333333333333333333333333333330000000660000
000006660000000000000000000000000000000000000000000000000000000000000000000000000000000000000000000000000000000000000000000000000000000066600000
000000066666666666666666666666666666666666666666666666666666666666666666666666666666666666666666666666666666666666666666666666666666666660000000
000000000000000000000000000000000000000000000000000000000000000000000000000000000000000000000000000000000000000000000000000000000000000000000000
000000000000000000000000000000000000000000000000000000000000000000000000000000000000000000000000000000000000000000000000000000000000000000000000
