000000000000000000000000000000000000000000000000000000000000000000000000000000000000000000000000000000000000000000000000000000000000000000000000000000000000000000000000000000000000000000000000000000000000000000000000000000000000000000000000000000000000000000000000000000000000000000000000
000000000000000000000000000000000000000000000000000000000000000000000000000000000000000000000000000000000000000000000000000000000000000000000000000000000000000000000000000000000000000000000000000000000000000000000000000000000000000000000000000000000000000000000000000000000000000000000000
000cccccccccccccccccccccccccccccccccccccccccccccccccccccccccccccccccccccccccccccccccccccccccccccccccccccccccccccccccccccccccccccccccccccccccc000000000000000000000000000000000000000000000000000000000000000000000000000000000000000000000000000000000000000000000000000000000000000000000000000
00cccccccccccccccccccccccccccccccccccccccccccccccccccccccccccccccccccccccccccccccccccccccccccccccccccccccccccccccccccccccccccccccccccccccccccc00000000000000000000000000000000000000000000000000000000000000000000000000000000000000000000000000000000000000000000000000000000000000000000000000
00cccccccccccccccccccccccccccccccccccccccccccccccccccccccccccccccccccccccccccccccccccccccccccccccccccccccccccccccccccccccccccccccccccccccccccc00000000000000000000000000000000000000000000000000000000000000000000000000000000000000000000000000000000000000000000000000000000000000000000000000
00cccccccccccccccccccccccccccccccccccccccccccccccccccccccccccccccccccccccccccccccccccccccccccccccccccccccccccccccccccccccccccccccccccccccccccc00000000000000000000000000000000000000000000000000000000000000000000000000000000000000000000000000000000000000000000000000000000000000000000000000
00ccccccccccccccccccccccccccccccccccccccccccccccccc000cc0000cc000c0cccc000c00000c000c0000cc0000ccccccccccccccccccccccccccccccccccccccccccccccc00000000000000000000000000000000000000777700777007000707777007777000000000000777707000707770700007000007777000000000000000000000000000000000000000
00cccccccccccccccccccccccccccccccccccccccccccccccc0ccc0c0ccc0cc0cc0ccccc0cccc0cccc0cc0cccc0ccccccccccccccccccccccccccccccccccccccccccccccccccc00000000000000000000000000000000000007000007000707000707000070000000000000007000007007000700700007000070000000000000000000000000000000000000000000
00cccccccccccccccccccccccccccccccccccccccccccccccc0ccc0c0ccc0cc0cc0ccccc0cccc0cccc0cc0cccc0ccccccccccccccccccccccccccccccccccccccccccccccccccc00000000000000000000000000000000000007000007000707000707000070000000000000007000007070000700700007000070000000000000000000000000000000000000000000
00cccccccccccccccccccccccccccccccccccccccccccccccc00000c0000ccc0cc0ccccc0cccc0cccc0cc000ccc000cccccccccccccccccccccccccccccccccccccccccccccccc00000000000000000000000000000000000000777007777707000707770007770000007000000777007700000700700007000007770000000000000000000000000000000000000000
00cccccccccccccccccccccccccccccccccccccccccccccccc0ccc0c0ccc0cc0cc0ccccc0cccc0cccc0cc0cccccccc0ccccccccccccccccccccccccccccccccccccccccccccccc00000000000000000000000000000000000000000707000707000707000000007000000000000000707070000700700007000000007000000000000000000000000000000000000000
00cccccccccccccccccccccccccccccccccccccccccccccccc0ccc0c0ccc0cc0cc0ccccc0cccc0cccc0cc0cccccccc0ccccccccccccccccccccccccccccccccccccccccccccccc00000000000000000000000000000000000000000707000700707007000000007000000000000000707007000700700007000000007000000000000000000000000000000000000000
00cccccccccccccccccccccccccccccccccccccccccccccccc0ccc0c0000cc000c0000c000ccc0ccc000c0000c0000cccccccccccccccccccccccccccccccccccccccccccccccc00000000000000000000000000000000000007777007000700070007777077770000000000007777007000707770777707777077770000000000000000000000000000000000000000
00cccccccccccccccccccccccccccccccccccccccccccccccccccccccccccccccccccccccccccccccccccccccccccccccccccccccccccccccccccccccccccccccccccccccccccc00000000000000000000000000000000000000000000000000000000000000000000000000000000000000000000000000000000000000000000000000000000000000000000000000
00cccccccccccccccccccccccccccccccccccccccccccccccccccccccccccccccccccccccccccccccccccccccccccccccccccccccccccccccccccccccccccccccccccccccccccc00000000000000000000000000000000000000000000000000000000000000000000000000000000000000000000000000000000000000000000000000000000000000000000000000
00cccccccccccccccccccccccccccccccccccccccccccccccccccccccccccccccccccccccccccccccccccccccccccccccccccccccccccccccccccccccccccccccccccccccccccc00000000000000000000000000000000000000000000000000000000000000000000000000000000000000000000000000000000000000000000000000000000000000000000000000
000cccccccccccccccccccccccccccccccccccccccccccccccccccccccccccccccccccccccccccccccccccccccccccccccccccccccccccccccccccccccccccccccccccccccccc000000000000000000000000000000000000000000000000000000000000000000000000000000000000000000000000000000000000000000000000000000000000000000000000000
000000000000000000000000000000000000000000000000000000000000000000000000000000000000000000000000000000000000000000000000000000000000000000000000000000000000000000000000000000000000000000000000000000000000000000000000000000000000000000000000000000000000000000000000000000000000000000000000
004444444444444444444444444444444444444444444444444444444444444444444444444444444444444444444444444444444444444444444444444444444444444444444444444444444444444444444444444444444444444444444444444444444444444444444444444444444444444444444444444444444444444444444444444444444444444444444400
000000000000000000000000000000000000000000000000000000000000000000000000000000000000000000000000000000000000000000000000000000000000000000000000000000000000000000000000000000000000000000000000000000000000000000000000000000000000000000000000000000000000000000000000000000000000000000000000
000000000000000000000000000000000000000000000000000000000000000000000000000000000000000000000000000000000000000000000000000000000000000000000000000000000000000000000000000000000000000000000000000000000000000000000000000000000000000000000000000000000000000000000000000000000000000000000000
000000000000000000000000000000000000000000000000000000000000000000000000000000000000000000000000000000000000000000000000000000000000000000000000000000000000000000000000000000000000000000000000000000000000000000000000000000000000000000000000000000000000000000000000000000000000000000000000
000000088888888888888888888888888888888888888000000000888888888888888888888888888888888888880000000008888888888888888888888888888888888888800000000088888888888888888888888888888888888888000000000888888888888888888888888888888888888880000000008888888888888888888888888888888888888800000000
000008880000000000000000000000000000000000008880000088800000000000000000000000000000000000088800000888000000000000000000000000000000000000888000008880000000000000000000000000000000000008880000088800000000000000000000000000000000000088800000888000000000000000000000000000000000000888000000
000008000000000000000000000000000000000000000080000080000000000000000000000000000000000000000800000800000000000000000000000000000000000000008000008000000000000000000000000000000000000000080000080000000000000000000000000000000000000000800000800000000000000000000000000000000000000008000000
000088000000000000000000000000000000000000000088000880000000000000000000000000000000000000000880008800000000000000000000000000000000000000008800088000000000000000000000000000000000000000088000880000000000000000000000000000000000000000880008800000000000000000000000000000000000000008800000
000080000000000000000000000000000000000000000008000800000000000000000000000000000000000000000080008000000000000000000000000000000000000000000800080000000000000000000000000000000000000000008000800000000000000000000000000000000000000000080008000000000000000000000000000000000000000000800000
000080000000000009999909999990999990000000000008000800000000000099999009999909900990000000000080008000000000000999900099990099009900000000000800080000000000009999099009909999990000000000008000800000000000099009909999009999900000000000080008000000000000999900990099009999000000000000800000
000080000000000099000000099000990099000000000008000800000000000099009909900009900990000000000080008000000000009900990990099099009900000000000800080000000000000990099009900099000000000000008000800000000000099009900990099000000000000000080008000000000009900990990099099009900000000000800000
000080000000000099000000099000990099000000000008000800000000000099009909900000999900000000000080008000000000009900000990099099909900000000000800080000000000000990099909900099000000000000008000800000000000099009900990099000000000000000080008000000000009900000990099099009900000000000800000
000080000000000009999000099000999990000000000008000800000000000099009909999000099000000000000080008000000000009900000990099099999900000000000800080000000000000990099999900099000000000000008000800000000000099999900990009999000000000000080008000000000009900000999999099999900000000000800000
000080000000000000009900099000999900000000000008000800000000000099009909900000999900000000000080008000000000009900000990099099099900000000000800080000000000000990099099900099000000000000008000800000000000099999900990000009900000000000080008000000000009900000990099099009900000000000800000
000080000000000000009900099000990990000000000008000800000000000099009909900009900990000000000080008000000000009900990990099099009900000000000800080000000000000990099009900099000000000000008000800000000000099999900990000009900000000000080008000000000009900990990099099009900000000000800000
000080000000000099999000099000990099000000000008000800000000000099999009999909900990000000000080008000000000000999900099990099009900000000000800080000000000009999099009900099000000000000008000800000000000009999009999099999000000000000080008000000000000999900990099099009900000000000800000
000080000000000000000000000000000000000000000008000800000000000000000000000000000000000000000080008000000000000000000000000000000000000000000800080000000000000000000000000000000000000000008000800000000000000000000000000000000000000000080008000000000000000000000000000000000000000000800000
000080000000000000000000000000000000000000000008000800000000000000000000000000000000000000000080008000000000000000000000000000000000000000000800080000000000000000000000000000000000000000008000800000000000000000000000000000000000000000080008000000000000000000000000000000000000000000800000
000080000000000000000000000000000000000000000008000800000000000000000000000000000000000000000080008000000000000000000000000000000000000000000800080000000000000000000000000000000000000000008000800000000000000000000000000000000000000000080008000000000000000000000000000000000000000000800000
000080000000000000000000000000000000000000000008000800000000000000000000000000000000000000000080008000000000000000000000000000000000000000000800080000000000000000000000000000000000000000008000800000000000000000000000000000000000000000080008000000000000000000000000000000000000000000800000
000080000000000000000000000000000000000000000008000800000000000000000000000000000000000000000080008000000000000000000000000000000000000000000800080000000000000000000000000000000000000000008000800000000000000000000000000000000000000000080008000000000000000000000000000000000000000000800000
000080000000000000000000000000000000000000000008000800000000000000000000000000000000000000000080008000000000000000000000000000000000000000000800080000000000000000000000000000000000000000008000800000000000000000000000000000000000000000080008000000000000000000000000000000000000000000800000
000080000000000000000000000000000000000000000008000800000000000000000000000000000000000000000080008000000000000000000000000000000000000000000800080000000000000000000000000000000000000000008000800000000000000000000000000000000000000000080008000000000000000000000000000000000000000000800000
000080000000000000000000000000000000000000000008000800000000000000000000000000000000000000000080008000000000000000000000000000000000000000000800080000000000000000000000000000000000000000008000800000000000000000000000000000000000000000080008000000000000000000000000000000000000000000800000
000080000000000000000000000000000000000000000008000800000000000000000000000000000000000000000080008000000000000000000000000000000000000000000800080000000000000000000000000000000000000000008000800000000000000000000000000000000000000000080008000000000000000000000000000000000000000000800000
000080000000000000000000000000000000000000000008000800000000000000000000000000000000000000000080008000000000000000000000000000000000000000000800080000000000000000000000000000000000000000008000800000000000000000000000000000000000000000080008000000000000000000000000000000000000000000800000
000080000000000000000000000000000000000000000008000800000000000000000000000000000000000000000080008000000000000000000000000000000000000000000800080000000000000000000000000000000000000000008000800000000000000000000000000000000000000000080008000000000000000000000000000000000000000000800000
000080000000000000000000000000000000000000000008000800000000000000000000000000000000000000000080008000000000000000000000000000000000000000000800080000000000000000000000000000000000000000008000800000000000000000000000000000000000000000080008000000000000000000000000000000000000000000800000
000080000000000000000000000000000000000000000008000800000000000000000000000000000000000000000080008000000000000000000000000000000000000000000800080000000000000000000000000000000000000000008000800000000000000000000000000000000000000000080008000000000000000000000000000000000000000000800000
000080000000000000000000000000000000000000000008000800000000000000000000000000000000000000000080008000000000000000000000000000000000000000000800080000000000000000000000000000000000000000008000800000000000000000000000000000000000000000080008000000000000000000000000000000000000000000800000
000080000000000000000000000ffffffff000000000000800080000000000000000000000ffffffff000000000000800080000000000000000000000ffffffff000000000000800080000000000000000000000ffffffff00000000000080008000000000000000000000ff000000ff0000000000080008000000000000000000000000fff000000000000000800000
00008000000000000000000000ffffffffff0000000000080008000000000000000000000ffffffffff0000000000080008000000000000000000000ffffffffff0000000000080008000000000000000000000ffffffffff0000000000080008000000000000000000000ff000000ff000000000008000800000000000000000000000ffff000000000000000800000
00008000000000000000000000ff000000ff0000000000080008000000000000000000000ff000000ff0000000000080008000000000000000000000ff000000ff0000000000080008000000000000000000000ff000000ff0000000000080008000000000000000000000ff000000ff00000000000800080000000000000000000000ff0ff000000000000000800000
0000800000000000000000000000000000ff0000000000080008000000000000000000000ff000000ff000000000008000800000000000000000000000000000ff0000000000080008000000000000000000000ff000000ff0000000000080008000000000000000000000ff000000ff00000000000800080000000000000000000000000ff000000000000000800000
0000800000000000000ff0000000000000ff000000000008000800000000000000ff00000ff000000ff000000000008000800000000000000ff0000000000000ff000000000008000800000000000000ff00000ff000000ff000000000008000800000000000000ff00000ff000000ff000000000008000800000000000000ff000000000ff000000000000000800000
0000800000000000000ff0000000000000ff000000000008000800000000000000ff00000ff000000ff000000000008000800000000000000ff0000000000000ff000000000008000800000000000000ff00000ff000000ff000000000008000800000000000000ff00000ff000000ff000000000008000800000000000000ff000000000ff000000000000000800000
0000800000000000000ff00000000fffffff000000000008000800000000000000ff00000ff000000ff000000000008000800000000000000ff000000fffffffff000000000008000800000000000000ff00000ff000000ff000000000008000800000000000000ff00000ff000000ff000000000008000800000000000000ff000000000ff000000000000000800000
0000800000000000ffffffff00000fffffff000000000008000800000000000ffffffff00ff000000ff000000000008000800000000000ffffffff00fffffffff0000000000008000800000000000ffffffff00ff000000ff000000000008000800000000000ffffffff00ffffffffff000000000008000800000000000ffffffff000000ff000000000000000800000
0000800000000000ffffffff0000000000ff000000000008000800000000000ffffffff00ff000000ff000000000008000800000000000ffffffff00ff00000000000000000008000800000000000ffffffff00ff000000ff000000000008000800000000000ffffffff00ffffffffff000000000008000800000000000ffffffff000000ff000000000000000800000
0000800000000000000ff0000000000000ff000000000008000800000000000000ff00000ff000000ff000000000008000800000000000000ff00000ff00000000000000000008000800000000000000ff00000ff000000ff000000000008000800000000000000ff0000000000000ff000000000008000800000000000000ff000000000ff000000000000000800000
0000800000000000000ff0000000000000ff000000000008000800000000000000ff00000ff000000ff000000000008000800000000000000ff00000ff00000000000000000008000800000000000000ff00000ff000000ff000000000008000800000000000000ff0000000000000ff000000000008000800000000000000ff000000000ff000000000000000800000
0000800000000000000ff0000000000000ff000000000008000800000000000000ff00000ff000000ff000000000008000800000000000000ff00000ff00000000000000000008000800000000000000ff00000ff000000ff000000000008000800000000000000ff0000000000000ff000000000008000800000000000000ff000000000ff000000000000000800000
0000800000000000000000000000000000ff0000000000080008000000000000000000000ff000000ff0000000000080008000000000000000000000ff000000000000000000080008000000000000000000000ff000000ff000000000008000800000000000000000000000000000ff00000000000800080000000000000000000000000ff000000000000000800000
00008000000000000000000000ff000000ff0000000000080008000000000000000000000ff000000ff0000000000080008000000000000000000000ff000000000000000000080008000000000000000000000ff000000ff000000000008000800000000000000000000000000000ff00000000000800080000000000000000000000000ff000000000000000800000
00008000000000000000000000ffffffffff0000000000080008000000000000000000000ffffffffff0000000000080008000000000000000000000ffffffffff0000000000080008000000000000000000000ffffffffff000000000008000800000000000000000000000000000ff00000000000800080000000000000000000000ffffffff000000000000800000
000080000000000000000000000ffffffff000000000000800080000000000000000000000ffffffff00000000000080008000000000000000000000ffffffffff00000000000800080000000000000000000000ffffffff0000000000008000800000000000000000000000000000ff00000000000800080000000000000000000000ffffffff000000000000800000
000080000000000000000000000000000000000000000008000800000000000000000000000000000000000000000080008000000000000000000000000000000000000000000800080000000000000000000000000000000000000000008000800000000000000000000000000000000000000000080008000000000000000000000000000000000000000000800000
000080000000000000000000000000000000000000000008000800000000000000000000000000000000000000000080008000000000000000000000000000000000000000000800080000000000000000000000000000000000000000008000800000000000000000000000000000000000000000080008000000000000000000000000000000000000000000800000
000080000000000000000000000000000000000000000008000800000000000000000000000000000000000000000080008000000000000000000000000000000000000000000800080000000000000000000000000000000000000000008000800000000000000000000000000000000000000000080008000000000000000000000000000000000000000000800000
000080000000000000000000000000000000000000000008000800000000000000000000000000000000000000000080008000000000000000000000000000000000000000000800080000000000000000000000000000000000000000008000800000000000000000000000000000000000000000080008000000000000000000000000000000000000000000800000
000080000000000000000000000000000000000000000008000800000000000000000000000000000000000000000080008000000000000000000000000000000000000000000800080000000000000000000000000000000000000000008000800000000000000000000000000000000000000000080008000000000000000000000000000000000000000000800000
000080000000000000000000000000000000000000000008000800000000000000000000000000000000000000000080008000000000000000000000000000000000000000000800080000000000000000000000000000000000000000008000800000000000000000000000000000000000000000080008000000000000000000000000000000000000000000800000
000080000000000000000000000000000000000000000008000800000000000000000000000000000000000000000080008000000000000000000000000000000000000000000800080000000000000000000000000000000000000000008000800000000000000000000000000000000000000000080008000000000000000000000000000000000000000000800000
000080000000000000000000000000000000000000000008000800000000000000000000000000000000000000000080008000000000000000000000000000000000000000000800080000000000000000000000000000000000000000008000800000000000000000000000000000000000000000080008000000000000000000000000000000000000000000800000
000080000000000000000000000000000000000000000008000800000000000000000000000000000000000000000080008000000000000000000000000000000000000000000800080000000000000000000000000000000000000000008000800000000000000000000000000000000000000000080008000000000000000000000000000000000000000000800000
000080000000000000000000000000000000000000000008000800000000000000000000000000000000000000000080008000000000000000000000000000000000000000000800080000000000000000000000000000000000000000008000800000000000000000000000000000000000000000080008000000000000000000000000000000000000000000800000
000080000000000000000000000000000000000000000008000800000000000000000000000000000000000000000080008000000000000000000000000000000000000000000800080000000000000000000000000000000000000000008000800000000000000000000000000000000000000000080008000000000000000000000000000000000000000000800000
000080000000000000000000000000000000000000000008000800000000000000000000000000000000000000000080008000000000000000000000000000000000000000000800080000000000000000000000000000000000000000008000800000000000000000000000000000000000000000080008000000000000000000000000000000000000000000800000
000080000000000000000000000000000000000000000008000800000000000000000000000000000000000000000080008000000000000000000000000000000000000000000800080000000000000000000000000000000000000000008000800000000000000000000000000000000000000000080008000000000000000000000000000000000000000000800000
000080000000000000000000000000000000000000000008000800000000000000000000000000000000000000000080008000000000000000000000000000000000000000000800080000000000000000000000000000000000000000008000800000000000000000000000000000000000000000080008000000000000000000000000000000000000000000800000
000080000000000000000000000000000000000000000008000800000000000000000000000000000000000000000080008000000000000000000000000000000000000000000800080000000000000000000000000000000000000000008000800000000000000000000000000000000000000000080008000000000000000000000000000000000000000000800000
000080000000000000000000000000000000000000000008000800000000000000000000000000000000000000000080008000000000000000000000000000000000000000000800080000000000000000000000000000000000000000008000800000000000000000000000000000000000000000080008000000000000000000000000000000000000000000800000
000080000000000000000000000000000000000000000008000800000000000000000000000000000000000000000080008000000000000000000000000000000000000000000800080000000000000000000000000000000000000000008000800000000000000000000000000000000000000000080008000000000000000000000000000000000000000000800000
000080000000000000000000000000000000000000000008000800000000000000000000000000000000000000000080008000000000000000000000000000000000000000000800080000000000000000000000000000000000000000008000800000000000000000000000000000000000000000080008000000000000000000000000000000000000000000800000
000080000000000000000000000000000000000000000008000800000000000000000000000000000000000000000080008000000000000000000000000000000000000000000800080000000000000000000000000000000000000000008000800000000000000000000000000000000000000000080008000000000000000000000000000000000000000000800000
000080000000000000000000000000000000000000000008000800000000000000000000000000000000000000000080008000000000000000000000000000000000000000000800080000000000000000000000000000000000000000008000800000000000000000000000000000000000000000080008000000000000000000000000000000000000000000800000
000080000000000000000000000000000000000000000008000800000000000000000000000000000000000000000080008000000000000000000000000000000000000000000800080000000000000000000000000000000000000000008000800000000000000000000000000000000000000000080008000000000000000000000000000000000000000000800000
000080000000000000000000000000000000000000000008000800000000000000000000000000000000000000000080008000000000000000000000000000000000000000000800080000000000000000000000000000000000000000008000800000000000000000000000000000000000000000080008000000000000000000000000000000000000000000800000
000080000000000000000000000000000000000000000008000800000000000000000000000000000000000000000080008000000000000000000000000000000000000000000800080000000000000000000000000000000000000000008000800000000000000000000000000000000000000000080008000000000000000000000000000000000000000000800000
000080000000000000000000000000000000000000000008000800000000000000000000000000000000000000000080008000000000000000000000000000000000000000000800080000000000000000000000000000000000000000008000800000000000000000000000000000000000000000080008000000000000000000000000000000000000000000800000
000080000000000000000000000000000000000000000008000800000000000000000000000000000000000000000080008000000000000000000000000000000000000000000800080000000000000000000000000000000000000000008000800000000000000000000000000000000000000000080008000000000000000000000000000000000000000000800000
000080000000000000000000000000000000000000000008000800000000000000000000000000000000000000000080008000000000000000000000000000000000000000000800080000000000000000000000000000000000000000008000800000000000000000000000000000000000000000080008000000000000000000000000000000000000000000800000
000080000000000000000000000000000000000000000008000800000000000000000000000000000000000000000080008000000000000000000000000000000000000000000800080000000000000000000000000000000000000000008000800000000000000000000000000000000000000000080008000000000000000000000000000000000000000000800000
000080000000000000000000000000000000000000000008000800000000000000000000000000000000000000000080008000000000000000000000000000000000000000000800080000000000000000000000000000000000000000008000800000000000000000000000000000000000000000080008000000000000000000000000000000000000000000800000
000080000000000000000999999999900000000000000008000800000000000000009999999999000000000000000080008000000000000000099999999990000000000000000800080000000000000000999999999900000000000000008000800000000000000009999999999000000000000000080008000000000000000099999999990000000000000000800000
000080000000000000999000000000099900000000000008000800000000000009990000000000999000000000000080008000000000000099900000000009990000000000000800080000000000000999000000000099900000000000008000800000000000009990000000000999000000000000080008000000000000099900000000009990000000000000800000
000080000000000099000000000000000099000000000008000800000000000990000000000000000990000000000080008000000000009900000000000000009900000000000800080000000000099000000000000000099000000000008000800000000000990000000000000000990000000000080008000000000009900000000000000009900000000000800000
000080000000000900000000000000000000900000000008000800000000009000000000000000000009000000000080008000000000090000000000000000000090000000000800080000000000900000000000000000000900000000008000800000000009000000000000000000009000000000080008000000000090000000000000000000090000000000800000
000080000000099000000000000000000000099000000008000800000000990000000000000000000000990000000080008000000009900000000000000000000009900000000800080000000099000000000000000000000099000000008000800000000990000000000000000000000990000000080008000000009900000000000000000000009900000000800000
00008000000009000000000c0000ccc000000090000000080008000000009000000000c0000ccc000000090000000080008000000009000000000c000000c000000090000000080008000000009000000000c0000ccc000000090000000080008000000009000000000c0000ccc000000090000000080008000000009000000000c0000ccc0000000900000000800000
0000800000009000000000cc000c000c0000000900000008000800000009000000000cc000c000c0000000900000008000800000009000000000cc00000cc00000000900000008000800000009000000000cc000c000c0000000900000008000800000009000000000cc000c000c0000000900000008000800000009000000000cc000c000c000000090000000800000
000080000009000000000c0c000c0000000000009000000800080000009000000000c0c000c000c000000009000000800080000009000000000c0c0000c0c0000000009000000800080000009000000000c0c000c000c000000009000000800080000009000000000c0c000c000c000000009000000800080000009000000000c0c0000000c000000009000000800000
00008000000900000000000c000c000000000000900000080008000000900000000000c000c00cc00000000900000080008000000900000000000c000c00c000000000900000080008000000900000000000c000c00cc00000000900000080008000000900000000000c000c000c00000000900000080008000000900000000000c0000000c000000009000000800000
00008000000900000000000c000cccc000000000900000080008000000900000000000c000c0c0c00000000900000080008000000900000000000c000c00c000000000900000080008000000900000000000c000c0c0c00000000900000080008000000900000000000c0000ccc000000000900000080008000000900000000000c000000c0000000009000000800000
00008000000900000000000c000c000c00000000900000080008000000900000000000c000cc00c00000000900000080008000000900000000000c000ccccc00000000900000080008000000900000000000c000cc00c00000000900000080008000000900000000000c000c000c00000000900000080008000000900000000000c00000c00000000009000000800000
00008000000900000000000c000c000c00000000900000080008000000900000000000c000c000c00000000900000080008000000900000000000c000000c000000000900000080008000000900000000000c000c000c00000000900000080008000000900000000000c000c000c00000000900000080008000000900000000000c0000c000000000009000000800000
00008000000900000000000c000c000c00000000900000080008000000900000000000c000c000c00000000900000080008000000900000000000c000000c000000000900000080008000000900000000000c000c000c00000000900000080008000000900000000000c000c000c00000000900000080008000000900000000000c000c0000000000009000000800000
00008000000090000000000c000c000c00000009000000080008000000090000000000c000c000c00000009000000080008000000090000000000c000000c000000009000000080008000000090000000000c000c000c00000009000000080008000000090000000000c000c000c00000009000000080008000000090000000000c000c0000000000090000000800000
000080000000090000000ccccc00ccc0000000900000000800080000000090000000ccccc00ccc0000000900000000800080000000090000000ccccc0000c0000000900000000800080000000090000000ccccc00ccc0000000900000000800080000000090000000ccccc00ccc0000000900000000800080000000090000000ccccc0ccccc000000900000000800000
000080000000099000000000000000000000099000000008000800000000990000000000000000000000990000000080008000000009900000000000000000000009900000000800080000000099000000000000000000000099000000008000800000000990000000000000000000000990000000080008000000009900000000000000000000009900000000800000
000080000000000900000000000000000000900000000008000800000000009000000000000000000009000000000080008000000000090000000000000000000090000000000800080000000000900000000000000000000900000000008000800000000009000000000000000000009000000000080008000000000090000000000000000000090000000000800000
000080000000000099000000000000000099000000000008000800000000000990000000000000000990000000000080008000000000009900000000000000009900000000000800080000000000099000000000000000099000000000008000800000000000990000000000000000990000000000080008000000000009900000000000000009900000000000800000
000080000000000000999000000000099900000000000008000800000000000009990000000000999000000000000080008000000000000099900000000009990000000000000800080000000000000999000000000099900000000000008000800000000000009990000000000999000000000000080008000000000000099900000000009990000000000000800000
000080000000000000000999999999900000000000000008000800000000000000009999999999000000000000000080008000000000000000099999999990000000000000000800080000000000000000999999999900000000000000008000800000000000000009999999999000000000000000080008000000000000000099999999990000000000000000800000
000080000000000000000000000000000000000000000008000800000000000000000000000000000000000000000080008000000000000000000000000000000000000000000800080000000000000000000000000000000000000000008000800000000000000000000000000000000000000000080008000000000000000000000000000000000000000000800000
000080000000000000000000000000000000000000000008000800000000000000000000000000000000000000000080008000000000000000000000000000000000000000000800080000000000000000000000000000000000000000008000800000000000000000000000000000000000000000080008000000000000000000000000000000000000000000800000
000080000000000000000000000000000000000000000008000800000000000000000000000000000000000000000080008000000000000000000000000000000000000000000800080000000000000000000000000000000000000000008000800000000000000000000000000000000000000000080008000000000000000000000000000000000000000000800000
000080000000000000000000000000000000000000000008000800000000000000000000000000000000000000000080008000000000000000000000000000000000000000000800080000000000000000000000000000000000000000008000800000000000000000000000000000000000000000080008000000000000000000000000000000000000000000800000
000080000000000000000000000000000000000000000008000800000000000000000000000000000000000000000080008000000000000000000000000000000000000000000800080000000000000000000000000000000000000000008000800000000000000000000000000000000000000000080008000000000000000000000000000000000000000000800000
000080000000000000000000000000000000000000000008000800000000000000000000000000000000000000000080008000000000000000000000000000000000000000000800080000000000000000000000000000000000000000008000800000000000000000000000000000000000000000080008000000000000000000000000000000000000000000800000
000088000000000000000000000000000000000000000088000880000000000000000000000000000000000000000880008800000000000000000000000000000000000000008800088000000000000000000000000000000000000000088000880000000000000000000000000000000000000000880008800000000000000000000000000000000000000008800000
000008000000000000000000000000000000000000000080000080000000000000000000000000000000000000000800000800000000000000000000000000000000000000008000008000000000000000000000000000000000000000080000080000000000000000000000000000000000000000800000800000000000000000000000000000000000000008000000
000008880000000000000000000000000000000000008880000088800000000000000000000000000000000000088800000888000000000000000000000000000000000000888000008880000000000000000000000000000000000008880000088800000000000000000000000000000000000088800000888000000000000000000000000000000000000888000000
000000088888888888888888888888888888888888888000000000888888888888888888888888888888888888880000000008888888888888888888888888888888888888800000000088888888888888888888888888888888888888000000000888888888888888888888888888888888888880000000008888888888888888888888888888888888888800000000
000000000000000000000000000000000000000000000000000000000000000000000000000000000000000000000000000000000000000000000000000000000000000000000000000000000000000000000000000000000000000000000000000000000000000000000000000000000000000000000000000000000000000000000000000000000000000000000000
000000000000000000000000000000000000000000000000000000000000000000000000000000000000000000000000000000000000000000000000000000000000000000000000000000000000000000000000000000000000000000000000000000000000000000000000000000000000000000000000000000000000000000000000000000000000000000000000
000000000000000000000000000000000000000000000000000000000000000000000000000000000000000000000000000000000000000000000000000000000000000000000000000000000000000000000000000000000000000000000000000000000000000000000000000000000000000000000000000000000000000000000000000000000000000000000000
000000000000000000000000000000000000000000000000000000000000000000000000000000000000000000000000000000000000000000000000000000000000000000000000000000000000000000000000000000000000000000000000000000000000000000000000000000000000000000000000000000000000000000000000000000000000000000000000
000000000000000000000000000000000000000000000000000000000000000000000000000000000000000000000000000000000000000000000000000000000000000000000000000000000000000000000000000000000000000000000000000000000000000000000000000000000000000000000000000000000000000000000000000000000000000000000000
000000000000000000000000000000000000000000000000000000000000000000000000000000000000000000000000000000000000000000000000000000000000000000000000000000000000000000000000000000000000000000000000000000000000000000000000000000000000000000000000000000000000000000000000000000000000000000000000
000000000000000000000000000000000000000000000000000000000000000000000000000000000000000000000000000000000000000000000000000000000000000000000000000000000000000000000000000000000000000000000000000000000000000000000000000000000000000000000000000000000000000000000000000000000000000000000000
000000000000000000000000000000000000000000000000000000000000000000000000000000000000000000000000000000000000000000000000000000000000000000000000000000000000000000000000000000000000000000000000000000000000000000000000000000000000000000000000000000000000000000000000000000000000000000000000
000000000000000000000000000000000000000000000000000000000000000000000000000000000000000000000000000000000000000000000000000000000000000000000000000000000000000000000000000000000000000000000000000000000000000000000000000000000000000000000000000000000000000000000000000000000000000000000000
000000000000000000000000000000000000000000000077770007770007777007777077707000707777000007777007777077770007770077770777700777770777007770070007000000070000007000000000000777700077700777700700070700070777007777077700777007000700000077700077700000000000000000000000000000000000000000000000
000000000000000000000000000000000000000000000070007070007070000070000007007000707000000007000707000070007070007070000700070007000070070007070007000000770000077000000000000700070700070700070700700700070070070000007007000707000700000700000700070000000000000000000000000000000000000000000000
000000000000000000000000000000000000000000000070007070007070000070000007007000707000000007000707000070007070000070000700070007000070070007077007000000070000707000000000000700070700070700070707000700070070070000007007000707700700000700000700770000000000000000000000000000000000000000000000
000000000000000000000000000000000000000000000077770077777007770007770007007000707770000007777007770077770070000077700777700007000070070007070707000000070007007000000700000700070777770777700770000700070070007770007007000707070700000777700707070000000000000000000000000000000000000000000000
000000000000000000000000000000000000000000000070000070007000007000007007007000707000000007000007000070700070000070000700000007000070070007070077000000070007777700000000000700070700070707000707000700070070000007007007000707007700000700070770070000000000000000000000000000000000000000000000
000000000000000000000000000000000000000000000070000070007000007000007007000707007000000007000007000070070070007070000700000007000070070007070007000000070000007000000000000700070700070700700700700070700070000007007007000707000700000700070700070000000000000000000000000000000000000000000000
000000000000000000000000000000000000000000000070000070007077770077770077700070007777000007000007777070007007770077770700000007000777007770070007000000777000007000000000000777700700070700070700070007000777077770077700777007000700000077700077700000000000000000000000000000000000000000000000
000000000000000000000000000000000000000000000000000000000000000000000000000000000000000000000000000000000000000000000000000000000000000000000000000000000000000000000000000000000000000000000000000000000000000000000000000000000000000000000000000000000000000000000000000000000000000000000000
000000000000000000000000000000000000000000000000000000000000000000000000000000000000000000000000000000000000000000000000000000000000000000000000000000000000000000000000000000000000000000000000000000000000000000000000000000000000000000000000000000000000000000000000000000000000000000000000
000000000000000000000000000000000000000000000000000000000000000000000000000000000000000000000000000000000000000000000000000000000000000000000000000000000000000000000000000000000000000000000000000000000000000000000000000000000000000000000000000000000000000000000000000000000000000000000000
000000000000000000000000000000000000000000000000000000000000000000000000000000000000000000000000000000000000000000000000000000000000000000000000000000000000000000000000000000000000000000000000000000000000000000000000000000000000000000000000000000000000000000000000000000000000000000000000
000000000000000000000000000000000000000000000000000000000000000000000000000000000000000000000000000000000000000000000000000000000000000000000000000000000000000000000000000000000000000000000000000000000000000000000000000000000000000000000000000000000000000000000000000000000000000000000000
000000000000000000000000000000000000000000000000000000000000000000000000000000000000000000000000000000000000000000000000000000000000000000000000000000000000000000000000000000000000000000000000000000000000000000000000000000000000000000000000000000000000000000000000000000000000000000000000
