000000000000000000000000000000000000000000000000000000000000000000000000000000000000000000000000000000000000000000000000000000000000000000000000
000333333333333333333333333333333333333333333333333333333333333333333333333333333333333333333333333333333333333333333333333333333333333333333000
003300000000000000000000000000000000000000000000000000000000000000000000000000000000000000000000000000000000000000000000000000000000000000003300
033000000000000000000000000000000000000000000000000000000000000000000000000000000000000000000000000000000000000000000000000000000000000000000330
030000000000000000000000000000000000000000000000000000000000000000000000000000000000000000000000000000000000000000000000000000000000000000000030
030000000000000000000000000000000000000000000000000000000000000000000000000000000000000000000000000000000000000000000000000000000000000000000030
030000000000000000000000000000000000000000000000000000000000000000000000000000000000000000000000000000000000000000000000000000000000000000000030
030000000000000000000000000000000000000000000000000000000000000000000000000000000000000000000000000000000000000000000000000000000550055000000030
030000000000000000000000000000000000000000000000000000000000000000000000000000000000000000000000000000000000000000000000000000000550055000000030
030000000000000000000000000000000000000000000000000000000000000000000000000000000000000000000000000000000000000000000000000000000555055000000030
030000000000000000000000000000000000000000000000000000000000000000000000000000000000000000000000000000000000000000000000000000000555555000000030
030000000000000000000000000000000000000000000000000000000000000000000000000000000000000000000000000000000000000000000000000000000550555000000030
030000000000000000000000000000000000000000000000000000000000000000000000000000000000000000000000000000000000000000000000000000000550055000000030
030000000000000000000000000000000000000000000000000000000000000000000000000000000000000000000000000000000000000000000000000000000550055000000030
030000000000000000000000000000000000000000000000000000000000000000000000000000000000000000000000000000000000000000000000000000000000000000000030
030000000000000000000000000000000000000000000000000000000000000000000000000000000000000000000000000000000000000000000000000000000000000000000030
030000000000000000000000000000000000000000000000000000000000000000000000000000000000000000000000000000000000000000000000000000000000500000000030
030000000000000000000000000000000000000000000000000000000000000000000000000000000000000000000000000000000000000000000000000000000000500000000030
030000000000000000000000000000335555555555555555555533333333333333333333333333333333333333333333333333333333333333500000000000000000500000000030
030000000000000000000000000000330000000000000000000033333333333333333333333333333333333333333333333333333333333333500000000000000000500000000030
030000000000000000000000000000333300000000000000000022333322332233222233332233333322333333223333332233333322333333500000000000000000500000000030
030000000000000000000000000000333300000000000000000022333322332233222233332233333322333333223333332233333322333333500000000000000000500000000030
030000000000000000000000000000333311000000000000000000222211222222112222221122222222333333222233221122222211333333500000000000000000500000000030
030000000000000000000000000000333311000000000000000000222211222222112222221122222222333333222233221122222211333333500000000000000000000000000030
030000000000000000000000000000332211000000000000000000112222221111221111111111112222221111222211111111112211112233500000000000000000000000000030
030000000000000000000000000000332211000000000000000000112222221111221111111111112222221111222211111111112211112233500000000000000000000000000030
030000000000000000000000000000332222220000000000000000003333331122222211222222223333331122223311222222112222222233500000000000000000000000000030
030000000000000000000000000000332222220000000000000000003333331122222211222222223333331122223311222222112222222233500000000000000000000000000030
030000000000000000000000000000332222221100000000000000003333331122222211222222113333222222223311222222112222222233500000000000000000000000000030
030000000000000000000000000000332222221100000000000000003333331122222211222222113333222222223311222222112222222233500000000000000000000000000030
030000000000000000000000000000332211111111000000000000002211221111111122111111111111111111112222221122222211222233500000000000000000000000000030
030000000000000000000000000000332211111111000000000000002211221111111122111111111111111111112222221122222211222233500000000000000000000000000030
030000000000000000000000000000332211222222000000000000000011222222222222221122222211222222223333332233333311333333500000000000000000000000000030
030000000000000000000000000000332211222222000000000000000011222222222222221122222211222222223333332233333311333333500000000000000000000000000030
030000000000000000000000000000332211222222110000000000000011222222113322222222222211222222223333332233333322333333500000000000000000000000000030
030000000000000000000000000000332211222222110000000000000011222222113322222222222211222222223333332233333322333333500000000000000000000000000030
030000000000000000000000000000332222111111221100000000000000111111111111112211111111221111222211112211111111112233500000000000000000000000000030
030000000000000000000000000000332222111111221100000000000000111111111111112211111111221111222211112211111111112233500000000000000000000000000030
030000000000000000000000000000333322221122222222000055555555001122222211222222112233222233333322223333112222222233500000000000000000000000000030
030000000000000000000000000000333322221122222222000050000005001122222211222222112233222233333322223333112222222233500000000000000000000000000030
030000000000000000000000000000332222222222222211000050000005112222222222222222222222221133223311333333112222222233500000000000000000000000000030
030000000000000000000000000000332222222222222211000050000005112222222222222222222222221133223311333333112222222233500000000000000000000000000030
030000000000000000000000000000332211222222112211110050000005112222112222221122112211222211112222222222222211112233500000000000000000000000000030
030000000000000000000000000000332211222222112211110050000005112222112222221122112211222211060222222060222211112233500000000000000000000000000030
030000000000000000000000000000333322333333112222221150000005113333223333332222223322333333206011110603333311333333500000000000000000000000000030
030000000000000000000000000000333322333333112222221150000005113333223333332222223322333333220601106033333311333333500000000000000000000000000030
030000000000000000000000000000333322333333112222221100111111223333223333332233332222333333221060060022333322223333500000000000000000000000000030
030000000000000000000000000000333322333333112222221100111111223333223333332233332222333333221106600022333322223333500000000000000000000000000030
030000000000000000000000000000332222221122111111112211111111111111111111221111111111111111221106601122112211222233500000000000000000000000000030
030000000000000000000000000000332222221122111111112211111111111111111111221111111111111111221060060122112211222233500000000000000000000000000030
030000000000000000000000000000333322331122222211222222112222221122222211222222112222222222330601106033223333222233500000000000000000000000000030
030000000000000000000000000000333322331122222211222222112222221122222211222222112222222222306011110603223333222233500000000000000000000000000030
030000000000000000000000000000333322221122222222222233112222221122222211222222112222221122060322223060113322332233500000000000000000000000000030
030000000000000000000000000000333322221122222222222233112222221122222211222222112222221122223322223322113322332233500000000000000000000000000030
030000000000000000000000000000332211222222111111111111221111112222111111111111111111222222111111111122222211112233333333333333333333333333333030
030000000000000000000000000000332211222222111111111111221111112222111111111111111111222222111111111122222211112233333333333333333333333333333030
030000000000000000000000000000332211333333112222221122222222222233222222221122222222333333112222222233333311332233222222332222332222333322223030
030000000000000000000000000000332211333333112222221122222222222233222222221122222222333333112222222233333311332233222222332222332222333322223030
030000000000000000000000000000332222333333112222333333333333333333223333333333333333333333333333333333333322222211112222222222222211222222112030
030000000000000000000000000000332222333333112222333333333333333333223333333333333333333333333333333333333322222211112222222222222211222222112030
030000000000000000000000000000332222111111221111334422222222222222222222222233332222222222222222222222224433221122221111221111111122111111221030
030000000000000000000000000000332222111111221111334422222222222222222222222233332222222222222222222222224433221122221111221111111122111111221030
030000000000000000000000000000333333331122222222334411111111111111111111112222223311111111111111111111114433331111112211222233112222221122222030
030000000000000000000000000000333333331122222222334411111111111111111111112222223311111111111111111111114433331111112211222233112222221122222030
030000000000000000000000000000332222221122222222334411111111111111111111331111111133111111111111111111114433331122222222222222113322221122222030
030000000000000000000000000000332222221122222222334411111111111111100000000001111133111111111111111111114433331122222222222222113322221122222030
030000000000000000000000000000332211111111111111334411111111111111077777777770111111223311100000000001114433221111111111221111111111112211112030
030000000000000000000000000000332211111111111111334411111111111110777777777777011111223311005555555500114433221111111111221111111111112211060030
030000000000000000000000000000332211222222112222334411111111111120770000000077011111111133050000000050114433332222222222221122222211222222206030
030000000000000000000000000000332211222222112222334411111111111120770444444077011111111133050000000050114433332222222222221122222211222222220030
030000000000000000000000000000332211222222112222334411111111113310770222222077021111111111050033330050114433222211111122221122222211222222221030
030000000000000000000000000000332211222222112222334411111111113310770222222077021111111111050033330050114433222211111122221122222211222222221030
030000000000000000000000000000332211111111222211334411111122331110770222221077022211111111050033330050114433111122222211112211112222111122221030
030000000000000000000000000000332211111111222211334411111122331110770222221077022211111111050033330050114433111122222211112211112222111122221030
030000000000000000000000000000332222222222332211334411113311111110770244442077033333111111050000000050114433221122223322333333223333332233330030
030000000000000000000000000000332222222222332211334411113311111110770000000077033333111111050000000050114433221122223322333333223333332233306030
030000000000000000000000000000333322222222222211334433221111111110777777777777032233333311005555555500334433222233333333333333333333333333060030
030000000000000000000000000000333322222222222211334433221111111111077777777770332233333311100000000002334433222233333333333333333333333333334030
030000000000000000000000000000332211221122111111334433221111111111100000000003223322223311111111111122334433222233555555555555555555555555555030
030000000000000000000000000000332211221122111111334433221111111111112233333333060322223060111111111122334433222233500000000000000000000000000030
030000000000000000000000000000332222333322112222334411113311111111111122332233406011110602111111113311114433333333500000000000000000000000000030
030000000000000000000000000000332222333322112222334411113311111111111122332233440601106022111111113311114433333333500000000000000000000000000030
030000000000000000000000000000332222223333112222334411111122331111111111112222221060060022111133221111114433333333500000000000000000000000000030
030000000000000000000000000000332222223333112222334411111122331111111111112222221106600022111133221111114433333333500000000000000000000000000030
030000000000000000000000000000332211111111111111334411111111112211111111111122221106601122113311111111114433222233500000000000000000000000000030
030000000000000000000000000000332211111111111111334411111111112211111111111122221060060122113311111111114433222233500000000000000000000000000030
030000000000000000000000000000333322221122222211334411111111111122221111111111220601106044221111111111114433332233500000000000000000000000000030
030000000000000000000000000000333322221122222211334411111111111122221111111111206011110604221111111111114433332233500000000000000000000000000030
030000000000000000000000000000332222221122222211334411111111111111113322111111060222223060111111111111114433332233500000000000000000000000000030
030000000000000000000000000000332222221122222211334411111111111111113322111111112222223311111111111111114433332233500000000000000000000000000030
030000000000000000000000000000332211111122112222334411111111111111111111331111111133111111111111111111114433222233500000000000000000000000000030
030000000000000000000000000000332211111122112222334411111111111111111111331111111133111111111111111111114433222233500000000000000000000000000030
030000000000000000000000000000332211222222222233334411111111111111111111113322223311111111111111111111114433222233500000000000000000000000000030
030000000000000000000000000000332211222222222233334411111111111111111111113322223311111111111111111111114433222233500000000000000000000000000030
030000000000000000000000000000333311222222223333334422111122222222222222222233332222222222222222222222224433223333500000000000000000000000000030
030000000000000000000000000000333311222222223333334422111122222222222222222233332222222222222222222222224433223333500000000000000000000000000030
030000000000000000000000000000332211111111111111222200111111223333333333333333333333333333333322333333333322112233500000000000000000000000000030
030000000000000000000000000000332211111111111111222200111111223333333333333333333333333333333322333333333322112233500000000000000000000000000030
030000000000000000000000000000332222221122222211221155555555111122222222222222112222222222223311222222112222222233500000000000000000000000000030
030000000000000000000000000000332222221122222211221150000005111122222222222222112222222222223311222222112222222233500000000000000000000000000030
030000000000000000000000000000332222221122222211110050000005111122222222332233222233332233333311222222222222222233500000000000000000000000000030
030000000000000000000000000000332222221122222211110050000005111122222222332233222233332233333311222222222222222233500000000000000000000000000030
030000000000000000000000000000332211222222112222000050000005111111112211221122222222222222222222222222222222222233500000000000000000000000000030
030000000000000000000000000000332211222222112222000050000005111111112211221122222222222222222222222222222222222233500000000000000000000000000030
030000000000000000000000000000332222333333222222000050000005002222113333331133223322111111111111111111111111332233500000000000000000000000000030
030000000000000000000000000000332222333333222222000050000005002222113333331133223322111111111111111111111111332233500000000000000000000000000030
030000000000000000000000000000332222333333223300000055555500222222223322222222333322221122111111111122112211332233500000000000000000000000000030
030000000000000000000000000000332222333333223300000000000000222222223322222222333322221122111111111122112211332233500000000000000000000000000030
030000000000000000000000000000332211111111110000000000000022221122222211111111111133111111111122112211112211332233500000000000000000000000000030
030000000000000000000000000000332211111111110000000000000022221122222211111111111133111111111122112211112211332233500000000000000000000000000030
030000000000000000000000000000333322221122000000000000000033332233333311222222222233221111111111111111112211332233500000000000000000000000000030
030000000000000000000000000000333322221122000000000000000033332233333311222222222233221111111111111111112211332233500000000000000000000000000030
030000000000000000000000000000332222221122000000000000003333222233333322222222222222221111111122112211112211332233500000000000000000000000000030
030000000000000000000000000000332222221122000000000000003333222233333322222222222222221111111122112211112211332233500000000000000000000000000030
030000000000000000000000000000332211111100000000000000001111112222111111111111112222221111221111111111112211332233500000000000000000000000000030
030000000000000000000000000000332211111100000000000000001111112222111111111111112222221111221111111111112211332233500000000000000000000000000030
030000000000000000000000000000332211220000000000000000002222333333112222221122223322221111111122112211112211223333500000000000000000000000000030
030000000000000000000000000000332211220000000000000000002222333333112222221122223322221111111122112211112211223333500000000000000000000000000030
030000000000000000000000000000333311000000000000000000222222333322112222222222222233332233222233223333333322333333500000000000000000000000000030
030000000000000000000000000000333311000000000000000000222222333322112222222222222233332233222233223333333322333333500000000000000000000000000030
030000000000000000000000000000332222000000000000000000111111111122112211222211112211221111221111221122112211222233500000000000000000000000000030
030000000000000000000000000000332222000000000000000000111111111122112211222211112211221111221111221122112211222233500000000000000000000000000030
030000000000000000000000000000333300000000000000000022222222222233332222333333223333332222332222333333223333332233500000000000000000000000000030
030000000000000000000000000000333300000000000000000022222222222233332222333333223333332222332222333333223333332233500000000000000000000000000030
030000000000000000000000000000330000000000000000000033333333333333333333333333333333333333333333333333333333333333500000000000000000000000000030
030000000000000000000000000000330000000000000000000033333333333333333333333333333333333333333333333333333333333333500000000000000000000000000030
030000000000000000000000000000555555555555555555555555555555555555555555555555555555555555555555555555555555555555500000000000000000000000000030
030000000000000000000000000000000000000000000000000000000000000000000000000000000000000000000000000000000000000000000000000000000000000000000030
030000000000000000000000000000000000000000000000000000000000000000000000000000000000000000000000000000000000000000000000000000000000000000000030
030000000000000000000000000000000000000000000000000000000000000000000000000000000000000000000000000000000000000000000000000000000000000000000030
030000000000000000000000444440000044440444440000000000000000000000000000000000000000000000000000000000000000000000000000000000000000000000000030
030000000000000000000000400000000040000004000000000000000000000000000000000000000000000000000000000000000000000000000000000000000000000000000030
030000000000000000000000444400000040000004000000000000000000000000000000000000000000000000000000000000000000000000000000000000000000000000000030
030000000000000000000000000040000044400004000000000000000000000000000000000000000000000000000000000000000000000000000000000000000000000000000030
030000004444444444440000000040000040000004000000000000000000000000000000000000000000000000000000000000000000000000000000000000000000000000000030
030000004444444444440000400040000040000004000000000000000000000000000000000000000000000000000000000000000000000000000000000000000000000000000030
030000000000000000000000044400000040000004000000000000000000000000000000000000000000000000000000000000000000000000000000000000000000000000000030
030000000000000000000000000000000000000000000000000000000000000000000000000000000000000000000000000000000000000000000000000000000000000000000030
030000000000000000000000000000000000000000000000000000000000000000000000000000000000000000000000000000000000000000000000000000000000000000000030
030000000000000000000000000000000000000000000000000000000000000000000000000000000000000000000000000000000000000000000000000000000000000000000030
033000000000000000000000000000000000000000000000000000000000000000000000000000000000000000000000000000000000000000000000000000000000000000000330
003300000000000000000000000000000000000000000000000000000000000000000000000000000000000000000000000000000000000000000000000000000000000000003300
000333333333333333333333333333333333333333333333333333333333333333333333333333333333333333333333333333333333333333333333333333333333333333333000
000000000000000000000000000000000000000000000000000000000000000000000000000000000000000000000000000000000000000000000000000000000000000000000000
