000000000000000000000000000000000000000000000000000000000000000000000000000000000000000000000000000000000000000000000000000000000000000000000000000000000000000000000000000000000000000000000000000000000000000000000000000000000000000000000000000000000000000000000000000000000000000000000000
000000000000000000000000000000000000000000000000000000000000000000000000000000000000000000000000000000000000000000000000000000000000000000000000000000000000000000000000000000000000000000000000000000000000000000000000000000000000000000000000000000000000000000000000000000000000000000000000
000000000000000000000000000000000000000000000000000000000000000000000000000000000000000000000000000000000000000000000000000000000000000000000000000000000000000000000000000000000000000000000000000000000000000000000000000000000000000000000000000000000000000000000000000000000000000000000000
000000000000000000000000000000000000000000000000000000000000000000000000000000000000000000000000000000000000000000000000000000000000000000000000000000000000000000000000000000000000000000000000000000000000000000000000000000000000000000000000000000000000000000000000000000000000000000000000
000000000000000000000000000000000000000000000000000000000000000000000000000000000000000000000000000000000000000000000000000000000000000000000000000000000000000000000000000000000000000000000000000000000000000000000000000000000000000000000000000000000000000000000000000000000000000000000000
000000000000000000000000000000000000000000000000000000000000000000000000000000000000000000000000000000000000000000000000000000000000000000000000000000000000000000000000000000000000000000000000000000000000000000000000000000000000000000000000000000000000000000000000000000000000000000000000
000000000000000000000000000000000000000000000000000000000000000000000000000000000000000000000000000000000000000000000000000000000000000000000000000000000000000000000000000000000000000000000000000000000000000000000000000000000000000000000000000000000000000000000000000000000000000000000000
000000007777770770007700777770077777700777707700077000000000000000000000000000000000000000000000000000077000000000000000000000000000000000000000000000000000000000000000000000000000000000000000000000000000000000000000000000000000000000000000000000000000000000000000000000000000000000000000
000000000077000770007707700077077000770077007770077000000000000000000000000000000000000000000000000000077000000000000000000000000000000000000000000000000000000000000000000000000000000000000000000000000000000000000000000000000000000000000000000000000000000000000000000000000000000000000000
000000000077000770007707700077077000770077007770077000000000000000000000000000000000000000000000000000077000000000000000000000000000000000000000000000000000000000000000000000000000000000000000000000000000000000000000000000000000000000000000000000000000000000000000000000000000000000000000
000000000077000770007707700077077000770077007777077000000000000000000000000000000000000000000000000777777777700000000000000000000000000000000000000000000000000000000000000000000000000000000000000000000000000000000000000000000000000000000000000000000000000000000000000000000000000000000000
000000000077000777777707700077077777700077007777077000000000000000000000000000000000000000000000000077777777000000000000000000000000000000000000000000000000000000000000000000000000000000000000000000000000000000000000000000000000000000000000000000000000000000000000000000000000000000000000
000000000077000770007707700077077770000077007707777000000000000000000000000000000000000000000000000007777770000000000000000000000000000000000000000000000000000000000000000000000000000000000000000000000000000000000000000000000000000000000000000000000000000000000000000000000000000000000000
000000000077000770007707700077077077000077007707777000000000000000000000000000000000000000000000000007777770000000000000000000000000000000000000000000000000000000000000000000000000000000000000000000000000000000000000000000000000000000000000000000000000000000000000000000000000000000000000
000000000077000770007707700077077007700077007700777000000000000000000000000000000000000000000000000007777770000000000000000000000000000000000000000000000000000000000000000000000000000000000000000000000000000000000000000000000000000000000000000000000000000000000000000000000000000000000000
000000000077000770007707700077077000770077007700777000000000000000000000000000000000000000000000000007700770000000000000000000000000000000000000000000000000000000000000000000000000000000000000000000000000000000000000000000000000000000000000000000000000000000000000000000000000000000000000
000000000077000770007700777770077000770777707700077000000000000000000000000000000000000000000000000000000000000000000000000000000000000000000000000000000000000000000000000000000000000000000000000000000000000000000000000000000000000000000000000000000000000000000000000000000000000000000000
000000000000000000000000000000000000000000000000000000000000000000000000000000000000000000000000000000000000000000000000000000000000000000000000000000000000000000000000000000000000000000000000000000000000000000000000000000000000000000000000000000000000000000000000000000000000000000000000
000000000000000000000000000000000000000000000000000000000000000000000000000000000000000000000000000000000000000000000000000000000000000000000000000000000000000000000000000000000000000000000000000000000000000000000000000000000000000000000000000000000000000000000000000000000000000000000000
000000000000000000000000000000000000000000000000000000000000000000000000000000000000000000000000000000000000000000000000000000000000000000000000000000000000000000000000000000000000000000000000000000000000000000000000000000000000000000000000000000000000000000000000000000000000000000000000
000000000000000000000000000000000000000000000000000000000000000000000000000000000000000000000000000000000000000000000000000000000000000000000000000000000000000000000000000000000000000000000000000000000000000000000000000000000000000000000000000000000000000000000000000000000000000000000000
000000000000000000000000000000000000000000000000000000000000000000000000000000000000000000000000000000000000000000000000000000000000000000000000000000000000000000000000000000000000000000000000000000000000000000000000000000000000000000000000000000000000000000000000000000000000000000000000
000000000000000000000000000000000000000000000000000000000000000000000000000000000000000000000000000000000000000000000000000000000000000000000000000000000000000000000000000000000000000000000000000000000000000000000000000000000000000000000000000000000000000000000000000000000000000000000000
000000000000000000000000000000000000000000000000000000000000000000000000000000000000000000000000000000000000000000000000000000000000000000000000000000000000000000000000000000000000000000000000000000000000000000000000000000000000000000000000000000000000000000000000000000000000000000000000
000000000000000000000000000000000000000000000000000000000000000000000000000000000000000000000000000000000000000000000000000000000000000000000000000000000000000000000000000000000000000000000000000000000000000000000000000000000000000000000000000000000000000000000000000000000000000000000000
000000000000000000000000000000000000000000000000000000000000000000000000000000000000000000000000000000000000000000000000000000000000000000000000000000000000000000000000000000000000000000000000000000000000000000000000000000000000000000000000000000000000000000000000000000000000000000000000
000000000000000000000000000000000000000000000000000000000000000000000000000000000000000000000000000000000000000000000000000000000000000000000000000000000000000000000000000000000000000000000000000000000000000000000000000000000000000000000000000000000000000000000000000000000000000000000000
000000004000400444004000400444000000444400444404000040000444400000044400044400400004000044404000404444000000000000444004000404440444404444004440044400044400000044444000000000000000000000000000000000000000000000000000000000000000000000000000000000000000000000000000000000000000000000000000
000000004000404000404000404000400000400040400004000040000400000000400040400040400004000004004000404000000000000004000404000400400400004000400400400040400040000040000000000000000000000000000000000000000000000000000000000000000000000000000000000000000000000000000000000000000000000000000000
000000004400404000404400404000400000400040400004000040000400000000400000400040400004000004004400404000000000000004000004000400400400004000400400400000400040000044440000000000000000000000000000000000000000000000000000000000000000000000000000000000000000000000000000000000000000000000000000
000000004040404444404040404000400000400040444004000040000444000000400000400040400004000004004040404440000004000004000004444400400444004444000400400000400040000000004000000000000000000000000000000000000000000000000000000000000000000000000000000000000000000000000000000000000000000000000000
000000004004404000404004404000400000400040400004000040000400000000400000400040400004000004004004404000000000000004000004000400400400004040000400400000400040000000004000000000000000000000000000000000000000000000000000000000000000000000000000000000000000000000000000000000000000000000000000
000000004000404000404000404000400000400040400004000040000400000000400040400040400004000004004000404000000000000004000404000400400400004004000400400040400040000040004000000000000000000000000000000000000000000000000000000000000000000000000000000000000000000000000000000000000000000000000000
000000004000404000404000400444000000444400444404444044440444400000044400044400444404444044404000404444000000000000444004000404440444404000404440044400044400000004440000000000000000000000000000000000000000000000000000000000000000000000000000000000000000000000000000000000000000000000000000
000000000000000000000000000000000000000000000000000000000000000000000000000000000000000000000000000000000000000000000000000000000000000000000000000000000000000000000000000000000000000000000000000000000000000000000000000000000000000000000000000000000000000000000000000000000000000000000000
000000000000000000000000000000000000000000000000000000000000000000000000000000000000000000000000000000000000000000000000000000000000000000000000000000000000000000000000000000000000000000000000000000000000000000000000000000000000000000000000000000000000000000000000000000000000000000000000
000000000000000000000000000000000000000000000000000000000000000000000000000000000000000000000000000000000000000000000000000000000000000000000000000000000000000000000000000000000000000000000000000000000000000000000000000000000000000000000000000000000000000000000000000000000000000000000000
000000000000000000000000000000000000000000000000000000000000000000000000000000000000000000000000000000000000000000000000000000000000000000000000000000000000000000000000000000000000000000000000000000000000000000000000000000000000000000000000000000000000000000000000000000000000000000000000
000000000000000000000000000000000000000000000000000000000000000000000000000000000000000000000000000000000000000000000000000000000000000000000000000000000000000000000000000000000000000000000000000000000000000000000000000000000000000000000000000000000000000000000000000000000000000000000000
000000000000000000000000000000000000000000000000000000000000000000000000000000000000000000000000000000000000000000000000000000000000000000000000000000000000000000000000000000000000000000000000000000000000000000000000000000000000000000000000000000000000000000000000000000000000000000000000
000000111111111111111111111111111111111111111111111111111111111111111111111111111111111111111111111111111111111111111111111111111111111111111111111111111111111111111111111111111111111111111111111111111111111111111111111111111111111111111111111111111111111111111111111111111111111111100000
000000000000000000000000000000000000000000000000000000000000000000000000000000000000000000000000000000000000000000000000000000000000000000000000000000000000000000000000000000000000000000000000000000000000000000000000000000000000000000000000000000000000000000000000000000000000000000000000
000000000000000000000000000000000000000000000000000000000000000000000000000000000000000000000000000000000000000000000000000000000000000000000000000000000000000000000000000000000000000000000000000000000000000000000000000000000000000000000000000000000000000000000000000000000000000000000000
000000000000000000000000000000000000000000000000000000000000000000000000000000000000000000000000000000000000000000000000000000000000000000000000000000000000000000000000000000000000000000000000000000000000000000000000000000000000000000000000000000000000000000000000000000000000000000000000
000000000000000000000000000000000000000000000000000000000000000000000000000000000000000000000000000000000000000000000000000000000000000000000000000000000000000000000000000000000000000000000000000000000000000000000000000000000000000000000000000000000000000000000000000000000000000000000000
000000000000000000000000000000000000000000000000000000000000000000000000000000000000000000000000000000000000000000000000000000000000000000000000000000000000000000000000000000000000000000000000000000000000000000000000000000000000000000000000000000000000000000000000000000000000000000000000
000000000000000000000000000005555500000000000000000000000000000044444444444444444444444444444444444444444444444444444444444444444444444444444444444444444444444444444444444444444444444444444444444444444444444444000000000333333333333333333333333333333333333333333333333333333333333330000000
000000000000000000000005555550000055555500000000000000000000000440000000000000000000000000000000000000000000000000000000000000000000000000000000000000000000000000000000000000000000000000000000000000000000000004400000003300000000000000000000000000000000000000000000000000000000000033000000
000000000000000005555550000000000000000055555000000000000000004400000000000000000000000000000000000000000000000000000000000000000000000000000000000000000000000000000000000000000000000000000000000000000000000000440000003000000005000000000000000000000000000000000000000000000000000003000000
000000000005555550000000000000000000000000000555555000000000004000000000000000000000000000000000000000000000000000000000000000000000000000000000000000000000000000000000000000000000000000000000000000000000000000040000003000000550500000000000000000000000000000000000000000000006660003000000
000000005550000000000000000000000000000000000000000555000000004000000000000000000000000000000000000000000000000000000000000000000000000000000000000000000000000000000000000000000000000000000000000000000000000000040000003000055005055000000000000000000000000000000000000000000060006003000000
000000005000000000000000000000000000000000000000000005000000004000000000000000000000000000000000000000000000000000000000000000000000000000000000000000000000000000000000000000000000000000000000000000000000000000040000003000500055000500004440400040444044444000000000000000600060006003000000
000000005000000000000000000000000000000000000000000005000000004000000050000500000044440040004040004044444044400000444404444044440044404444400444000000000000000000000000000000000000000000000000000000000000000000040000003000500050500500000400400040040000004000000000000000600060066003000000
000000005000000000000000000444000444000000000000000005000000004000000555555550000040004040004040004000400004000000400004000040004004000040004000400000000000000000000000000000000000000000000000000000000000000000040000003000500500500500000400440040040000040000000000000066666060606003000000
000000005000000000000000004000404000400000000000000005000000004000000555555550000040004040004044004000400004000000400004000040004004000040004000400000000000000000000000000000000000000000000000000000000000000000040000003000500500050500000400404040040000400000000000000000600066006003000000
000000005000000000000000004000004000400000000000000005000000004000000555555550000044440040004040404000400004000000444004440044440004000040004444400000000000000000000000000000000000000000000000000000000000000000040000003000505555550500000400400440040004000000000000000000600060006003000000
000000005000000000000000004000004444400000000000000005000000004000000555555550000040000040004040044000400004000000400004000040400004000040004000400000000000000000000000000000000000000000000000000000000000000000040000003000500000000500000400400040040040000000000000000000000060006003000000
000000005000000000000000004000004000400000000000000005000000004000000055555500000040000040004040004000400004000000400004000040040004000040004000400000000000000000000000000000000000000000000000000000000000000000040000003000055000005000004440400040444044444000000000000000000060006003000000
000000005000000000000000004000404000400000000000000005000000004000000005555000000040000004440040004000400044400000400004444040004044400040004000400000000000000000000000000000000000000000000000000000000000000000040000003000000550550000000000000000000000000000000000000000000006660003000000
000000005000000000000000000444004000400000000000000005000000004000000000550000000000000000000000000000000000000000000000000000000000000000000000000000000000000000000000000000000000000000000000000000000000000000040000003000000005000000000000000000000000000000000000000000000000000003000000
000000005000000000000000000000000000000000000000000005000000004000000000000000000000000000000000000000000000000000000000000000000000000000000000000000000000000000000000000000000000000000000000000000000000000000040000003300000000000000000000000000000000000000000000000000000000000033000000
000000005000000000000000000000000000000000000000000005000000004000000000000000000000000000000000000000000000000000000000000000000000000000000000000000000000000000000000000000000000000000000000000000000000000000040000000333333333333333333333333333333333333333333333333333333333333330000000
000000005000000000000000000000000000000000000000000005000000004000000000000000000000000000000000000000000000000000000000000000000000000000000000000000000000000000000000000000000000000000000000000000000000000000040000000000000000000000000000000000000000000000000000000000000000000000000000
000000005000000000000000000000000000000000000000000005000000004000000000000000000000000000000000000000000000000000000000000000000000000000000000000000000000000000000000000000000000000000000000000000000000000000040000000000000000000000000000000000000000000000000000000000000000000000000000
000000005000000000000000000000000000000000000000000005000000004000000000000000000000000000000000000000000000000000000000000000000000000000000000000000000000000000000000000000000000000000000000000000000000000000040000000333333333333333333333333333333333333333333333333333333333333330000000
000000005000000000000000000000000000000000000000000005000000004000000000000000000000000000000000000000000000000000000000000000000000000000000000000000000000000000000000000000000000000000000000000000000000000000040000003300000000000000000000000000000000000000000000000000000000000033000000
000000005000000000000000000000000000000000000000000005000000004000000000000000000000000000000000000000000000000000000000000000000000000000000000000000000000000000000000000000000000000000000000000000000000000000040000003000055555000000000000000000000000000000000000000000000000000003000000
000000005000000000000000000000000000000000000000000005000000004000000000000000000000000000000000000000000000000000000000000000000000000000000000000000000000000000000000000000000000000000000000000000000000000000040000003000055555000000000000000000000000000000000000000006660066666003000000
000000005000000000000007770000000777777770000000000005000000004000000000000000000000000000000000000000000000000000000000000000000000000000000000000000000000000000000000055555555555555555555555555555555555500000040000003000055555000000000000000000000000000000000000000060006060000003000000
000000005000000000000077770000007777777777000000000005000000004000000000000000000000000000000000000000000000000000000000000000000000000000000000000000000000000000000000550000000000000000000000000000000000550000040000003000055555000000004000404444040000000000000000000000006060000003000000
000000005000000000000770770000007700000077000000000005000000004000000000077777777000777777777700000000000000000000000000000000000000000000000000000000000000000000000000500000000000000000006666600000000000050000040000003000055555000000004000404000040000000000000000000000006066660003000000
000000005000000000000000770000007700000077000000000005000000004000000000777777777700777777777700000000000000000000000000000000000000000000000000000000000000000000000000500000000000000060006000000000000000050000040000003000055555000000004000404000040000000000000000000000060000006003000000
000000005000000000000000770000007700000077000000000005000000004000000000770000007700000000007700000000000000000000000000000000000000000000000000000000000000000000000000500000000000000060006666000000000000050000040000003000055555000000004000404440040000000000000000000000600000006003000000
000000005000000000000000770000007700000077000000000005000000004000000000000000007700000000007700000000000000000000000000000000000000000000000000000000000000000000000000500000000000006666600000600000000000050000040000003000055555000000004000404000040000000000000000000006000000006003000000
000000005000000000000000770000000777777770000000000005000000004000000000000000007700000000077000000000000000000000000000000000000000000000000000000000000000000000000000500000000000000060000000600000000000050000040000003000055555555550000404004000040000000000000000000060000000006003000000
000000005000000000000000770000000777777770000000000005000000004000000000000000007700000000770000000000000000000000000000000000000000000000000000000000000000000000000000500000000000000060006000600000000000050000040000003000055555555550000040004444044440000000000000000060000060006003000000
000000005000000000000000770000007700000077000000000005000000004000000000077777777700000007700000000500555000555000000000000000000000000000000000000000000000000000000000500000000000000000000666000000000000050000040000003000055555555550000000000000000000000000000000000066666006660003000000
000000005000000000000000770000007700000077000000000005000000004000000000777777777000000077000000000505000505000500000000000000000000000000000000000000000000000000000000500000000000000000000000000000000000050000040000003000055555555550000000000000000000000000000000000000000000000003000000
000000005000000000000000770000007700000077000000000005000000004000000000770000000000000077000000005000000505000500000000000000000000000000000000000000000000000000000000500000004444404444040004044440000000050000040000003300000000000000000000000000000000000000000000000000000000000033000000
000000005000000000000000770000007700000077000000000005000000004000000000770000000000000077000000005000000505000500000000000000000000000000000000000000000000000000000000500000000040004000044044040004000000050000040000000333333333333333333333333333333333333333333333333333333333333330000000
000000005000000000000000770000007700000077000000000050000000004000000000770000000000000077000000005000055000555000000000000000000000000000000000000000000000000000000000500000000040004000040404040004000000050000040000000000000000000000000000000000000000000000000000000000000000000000000000
000000000500000000000000770000007700000077000000000050000000004000000000770000000000000077000000050000000505000500000000000000000000000000000000000000000000000000000000500000000040004440040404044440000000050000040000000000000000000000000000000000000000000000000000000000000000000000000000
000000000500000000000777777770007777777777000000000050000000004000000000770000000000000077000000050000000505000500000000000000000000000000000000000000000000000000000000500000000040004000040004040000000000050000040000000333333333333333333333333333333333333333333333333333333333333330000000
000000000500000000000777777770000777777770000000000500000000004000000000770000000000000077000000050000000505000500000000000000000000000000000000000000000000000000000000500000000040004000040004040000000000050000040000003300000000000000000000000000000000000000000000000000000000000033000000
000000000050000000000000000000000000000000000000000500000000004000000000777777777700000077000000500005000505000500000000000000000000000000000000000000000000000000000000550000000040004444040004040000000000550000040000003000000000000000000000000000000000000000000000000000000000000003000000
000000000050000000000000000000000000000000000000005000000000004000000000777777777700000077000000500000555000555000000000000000000000000000000000000000000000000000000000055555555555555555555555555555555555500000040000003000000000000000000000000000000000000000000000000000000006660003000000
000000000005000000000000000000000000000000000000005000000000004000000000000000000000000000000000000000000000000000000000000000000000000000000000000000000000000000000000000000000000000000000000000000000000000000040000003000005555550000000000000000000000000000000000000000000060006003000000
000000000000500000000000000000000000000000000000050000000000004000000000000000000000000000000000000000000000000000000000000000000000000000000000000000000000000000000000000000000000000000000000000000000000000000040000003000055555555000000444000444004000404444000000000000600000006003000000
000000000000050000000000000000000000000000000000500000000000004000000000000000000000000000000000000000000000000000000000000000000000000000000000000000000000000000000000000000000000000000000000000000000000000000040000003000055555555000004000404000404404404000400000000000600000006003000000
000000000000005000000000000000000000000000000005000000000000004000000000000000000000000000000000000000000000000000000000000000000000000000000000000000000000000000000000000000000000000000000000000000000000000000040000003000055555555000004000004000404040404000400000000066666000660003000000
000000000000000500000000000000000000000000000050000000000000004000000000000000000000000000000000000000000000000000000000000000000000000000000000000000000000000000000000000000000000000000000000000000000000000000040000003000055555555000004000004000404040404444000000000000600000006003000000
000000000000000050000000000000000000000000000500000000000000004000005555555555555555555555555555555555555555555555555555555555555555555555555555555555555555555555555511111111111111111111111111111111111111110000040000003000055555555000004000004000404000404000000000000000600000006003000000
000000000000000005000000000000000000000000005000000000000000004000005555555555555555555555555555555555555555555555555555555555555555555555555555555555555555555555555511111111111111111111111111111111111111110000040000003000055555555000004000404000404000404000000000000000000000006003000000
000000000000000000550000000000000000000000050000000000000000004000005555555555555555555555555555555555555555555555555555555555555555555555555555555555555555555555555511111111111111111111111111111111111111110000040000003000005555550000000444000444004000404000000000000000000060006003000000
000000000000000000005000000000000000000005500000000000000000004000005555555555555555555555555555555555555555555555555555555555555555555555555555555555555555555555555511111111111111111111111111111111111111110000040000003000000000000000000000000000000000000000000000000000000006660003000000
000000000000000000000500000000000000000050000000000000000000004000000000000000000000000000000000000000000000000000000000000000000000000000000000000000000000000000000000000000000000000000000000000000000000000000040000003000000000000000000000000000000000000000000000000000000000000003000000
000000000000000000000055000000000000005500000000000000000000004000000000000000000000000000000000000000000000000000000000000000000000000000000000000000000000000000000000000000000000000000000000000000000000000000040000003300000000000000000000000000000000000000000000000000000000000033000000
000000000000000000000000550000000000550000000000000000000000004400000000000000000000000000000000000000000000000000000000000000000000000000000000000000000000000000000000000000000000000000000000000000000000000000440000000333333333333333333333333333333333333333333333333333333333333330000000
000000000000000000000000005550000055000000000000000000000000000440000000000000000000000000000000000000000000000000000000000000000000000000000000000000000000000000000000000000000000000000000000000000000000000004400000000000000000000000000000000000000000000000000000000000000000000000000000
000000000000000000000000000005555500000000000000000000000000000044444444444444444444444444444444444444444444444444444444444444444444444444444444444444444444444444444444444444444444444444444444444444444444444444000000000000000000000000000000000000000000000000000000000000000000000000000000
000000000000000000000000000000000000000000000000000000000000000000000000000000000000000000000000000000000000000000000000000000000000000000000000000000000000000000000000000000000000000000000000000000000000000000000000000000000000000000000000000000000000000000000000000000000000000000000000
000000000000000000000000000000000000000000000000000000000000000000000000000000000000000000000000000000000000000000000000000000000000000000000000000000000000000000000000000000000000000000000000000000000000000000000000000000000000000000000000000000000000000000000000000000000000000000000000
000000000000000000000000000000000000000000000000000000000000000000000000000000000000000000000000000000000000000000000000000000000000000000000000000000000000000000000000000000000000000000000000000000000000000000000000000000000000000000000000000000000000000000000000000000000000000000000000
000000000000000000000000000000000000000000000000000000000000000000000000000000000000000000000000000000000000000000000000000000000000000000000000000000000000000000000000000000000000000000000000000000000000000000000000000000000000000000000000000000000000000000000000000000000000000000000000
000000000000000000000000000000000000000000000000000000000000000000000000000000000000000000000000000000000000000000000000000000000000000000000000000000000000000000000000000000000000000000000000000000000000000000000000000000000000000000000000000000000000000000000000000000000000000000000000
000000000000000000000000000000000000000000000000000000000000000000000000000000000000000000000000000000000000000000000000000000000000000000000000000000000000000000000000000000000000000000000000000000000000000000000000000000000000000000000000000000000000000000000000000000000000000000000000
000000111111111111111111111111111111111111111111111111111111111111111111111111111111111111111111111111111111111111111111111111111111111111111111111111111111111111111111111111111111111111111111111111111111111111111111111111111111111111111111111111111111111111111111111111111111111111100000
000000000000000000000000000000000000000000000000000000000000000000000000000000000000000000000000000000000000000000000000000000000000000000000000000000000000000000000000000000000000000000000000000000000000000000000000000000000000000000000000000000000000000000000000000000000000000000000000
000000000000000000000000000000000000000000000000000000000000000000000000000000000000000000000000000000000000000000000000000000000000000000000000000000000000000000000000000000000000000000000000000000000000000000000000000000000000000000000000000000000000000000000000000000000000000000000000
000000000000000000000000000000000000000000000000000000000000000000000000000000000000000000000000000000000000000000000000000000000000000000000000000000000000000000000000000000000000000000000000000000000000000000000000000000000000000000000000000000000000000000000000000000000000000000000000
000000000000000000000000000000000000000000000000000000000000000000000000000000000000000000000000000000000000000000000000000000000000000000000000000000000000000000000000000000000000000000000000000000000000000000000000000000000000000000000000000000000000000000000000000000000000000000000000
000000000000000000000000000000000000000000000000000000000000000000000000000000000000000000000000000000000000000000000000000000000000000000000000000000000000000000000000000000000000000000000000000000000000000000000000000000000000000000000000000000000000000000000000000000000000000000000000
000000000000000000000000000000000000000000000000000000000000000000000000000000000000000000000000000000000000000000000000000000000000000000000000000000000000000000000000000000000000000000000000000000000000000000000000000000000000000000000000000000000000000000000000000000000000000000000000
000000000000004444444444444444444444444444444444400000000000000000444444444444444444444444444444444444444444444444444444444444000000000000000000000000000000000000000000000000000000000000000000000000000000000000000000000000000000000000000000000000000000000000000000000000000000000000000000
000000000000444000000000000000000000000000000000444000000000000044400000000000000000000000000000000000000000000000000000000004440000000000000000000000000000000000000000000000000000000000000000000000000000000000000000000000000000000000000000000000000000000000000000000000000000000000000000
000000000004400000000000000000000000000000000000004400000000000440000000000000000000000000000000000000000000000000000000000000044000000000000000000000000000000000000000000000000000000000000000000000000000000000000000000000000000000000000000000000000000000000000000000000000000000000000000
000000000044005555555550000000000000000000000000000440000000004400000000000000000000000000000000000000000000000000000000000000004400000000000000000000000000000000000000000000000000000000000000000000000000000000000000000000000000000000000000000000000000000000000000000000000000000000000000
000000000440000500000500000000000000000000000000000044000000044000000000000000000000000000000000000000000000000000000000000000000440000000000000000000000000000000000000000000000000000000000000000000000000000000000000000000000000000000000000000000000000000000000000000000000000000000000000
000000000400000500000500000000000000000000000000000004000000040000000000000000000000000000000000000000000000000000000000000000000040000000000000000000000000000000000000000000000000000000000000000000000000000000000000000000000000000000000000000000000000000000000000000000000000000000000000
000000004400000050005000000555000555005000500555000004400000440000000550000000555500555505000505555055550055550555550555550055500044000000000000000000000000000000000000000000000000000000000000000000000000000000000000000000000000000000000000000000000000000000000000000000000000000000000000
000000004000000005050000005000505000505000505000500000400000400000000550000000500050500005000505000050005050000005000005000500050004000000000000000000000000000000000000000000000000000000000000000000000000000000000000000000000000000000000000000000000000000000000000000000000000000000000000
000000004000000005050000005000005000505500505000000000400000400000055555500000500050500005500505000050005050000005000005000500050004000000000000000000000000000000000000000000000000000000000000000000000000000000000000000000000000000000000000000000000000000000000000000000000000000000000000
000000004000000000500000005000005000505050505000000000400000400000005555000000555500555005050505550050005055500005000005000500050004000000000000000000000000000000000000000000000000000000000000000000000000000000000000000000000000000000000000000000000000000000000000000000000000000000000000
000000004000000005050000005000005000505005505000000000400000400000005555000000500050500005005505000050005050000005000005000500050004000000000000000000000000000000000000000000000000000000000000000000000000000000000000000000000000000000000000000000000000000000000000000000000000000000000000
000000004400000005050000005000505000505000505000500004400000440000005005000000500050500005000505000050005050000005000005000500050044000000000000000000000000000000000000000000000000000000000000000000000000000000000000000000000000000000000000000000000000000000000000000000000000000000000000
000000000400000050005000000555000555005000500555005004000000040000000000000000555500555505000505555055550055550005000005000055500040000000000000000000000000000000000000000000000000000000000000000000000000000000000000000000000000000000000000000000000000000000000000000000000000000000000000
000000000440000500000500000000000000000000000000000044000000044000000000000000000000000000000000000000000000000000000000000000000440000000000000000000000000000000000000000000000000000000000000000000000000000000000000000000000000000000000000000000000000000000000000000000000000000000000000
000000000044000500000500000000000000000000000000000440000000004400000000000000000000000000000000000000000000000000000000000000004400000000000000000000000000000000000000000000000000000000000000000000000000000000000000000000000000000000000000000000000000000000000000000000000000000000000000
000000000004405555555550000000000000000000000000004400000000000440000000000000000000000000000000000000000000000000000000000000044000000000000000000000000000000000000000000000000000000000000000000000000000000000000000000000000000000000000000000000000000000000000000000000000000000000000000
000000000000444000000000000000000000000000000000444000000000000044400000000000000000000000000000000000000000000000000000000004440000000000000000000000000000000000000000000000000000000000000000000000000000000000000000000000000000000000000000000000000000000000000000000000000000000000000000
000000000000004444444444444444444444444444444444400000000000000000444444444444444444444444444444444444444444444444444444444444000000000000000000000000000000000000000000000000000000000000000000000000000000000000000000000000000000000000000000000000000000000000000000000000000000000000000000
000000000000000000000000000000000000000000000000000000000000000000000000000000000000000000000000000000000000000000000000000000000000000000000000000000000000000000000000000000000000000000000000000000000000000000000000000000000000000000000000000000000000000000000000000000000000000000000000
000000000000000000000000000000000000000000000000000000000000000000000000000000000000000000000000000000000000000000000000000000000000000000000000000000000000000000000000000000000000000000000000000000000000000000000000000000000000000000000000000000000000000000000000000000000000000000000000
000000000000000000000000000000000000000000000000000000000000000000000000000000000000000000000000000000000000000000000000000000000000000000000000000000000000000000000000000000000000000000000000000000000000000000000000000000000000000000000000000000000000000000000000000000000000000000000000
000000000000000000000000000000000000000000000000000000000000000000000000000000000000000000000000000000000000000000000000000000000000000000000000000000000000000000000000000000000000000000000000000000000000000000000000000000000000000000000000000000000000000000000000000000000000000000000000
000000000000000000000000000000000000000000000000000000000000000000000000000000000000000000000000000000000000000000000000000000000000000000000000000000000000000000000000000000000000000000000000000000000000000000000000000000000000000000000000000000000000000000000000000000000000000000000000
000000000000000000000000000000000000000000000000000000000000000000000000000000000000000000000000000000000000000000000000000000000000000000000000000000000000000000000000000000000000000000000000000000000000000000000000000000000000000000000000000000000000000000000000000000000000000000000000
000000000000000000000000000000000000000000000000000000000000000000000000000000000000000000000000000000000000000000000000000000000000000000000000000000000000000000000000000000000000000000000000000000000000000000000000000000000000000000000000000000000000000000000000000000000000000000000000
000000000000000000000000000000000000000000000000000000000000000000000000000000000000000000000000000000000000000000000000000000000000000000000000000000000000000000000000000000000000000000000000000000000000000000000000000000000000000000000000000000000000000000000000000000000000000000000000
000000000000000000000000000000000000000000000000000000000000000000000000000000000000000000000000000000000000000000000000000000000000000000000000000000000000000000000000000000000000000000000000000000000000000000000000000000000000000000000000000000000000000000000000000000000000000000000000
000000000000000000000000000000000000000000000000000000000000000000000000000000000000000000000000000000000000000000000000000000000000000000000000000000000000000000000000000000000000000000000000000000000000000000000000000000000000000000000000000000000000000000000000000000000000000000000000
000000000000000000000000000000000000000000000000000000000000000000000000000000000000000000000000000000000000000000000000000000000000000000000000000000000000000000000000000000000000000000000000000000000000000000000000000000000000000000000000000000000000000000000000000000000000000000000000
000000000000000000000000000000000000000000000000000000000000000000000000000000000000000000000000000000000000000000000000000000000000000000000000000000000000000000000000000000000000000000000000000000000000000000000000000000000000000000000000000000000000000000000000000000000000000000000000
000000000000000000000000000000000000000000000000000000000000000000000000000000000000000000000000000000000000000000000000000000000000000000000000000000000000000000000000000000000000000000000000000000000000000000000000000000000000000000000000000000000000000000000000000000000000000000000000
