000000000000000000000000000000000000000000000000000000000000000000000000000000000000000000000000000000000000000000000000000000000000000000000000
000000000000000000000000000000000000000000000000000000000000000000000000000000000000000000000000000000000000000000000000000000000000000000000000
000000033333333333333333333333333333333333333333333333333333333333333333333333333333333333333333333333333333333333333333333333333333333330000000
000003330000000000000000000000000000000000000000000000000000000000000000000000000000000000000000000000000000000000000000000000000000000033300000
000033000000000000000000000000000000000000000000000000000000000000000000000000000000000000000000000000000000000000000000000000000000000000330000
000330000000000000000000000000000000000000000000000000000000000000000000000000000000000000000000000000000000000000000000000000000000000000033000
000300000000000000000000000000000000000000000000000000000000000000000000000000000000000000000000000000000000000000000000000000000000000000003000
003300000000000000000000000000000000000000000000000000000000000000000000000000000000000000000000000000000000000000000000000000000000000000003300
003000000000000000000000000000000000000000000000000000000000000000000000000000000000000000000000000000000000000000000000000000000000000000000300
003000000000000000000000000000000000000000000000000000000000000000000000000000000000000000000000000000000000000000000000000000000000000000000300
003000000000000000000000000000000000000000000000000000000000000000000000000000000000000000000000000000000000000000000000000000000000000000000300
003000000000000000000000000000000000000000000000000000000000000000000000000000000000000000000000000000000000000000000000000000000000000000000300
003000000000000000000000000000000000000000000000000000000000000000000000000000000000000000000000000000000000000000000000000000000000000000000300
003000000000000000000000000000000000000000000000000000000000000000000000000000000000000000000000000000000000000000000000000000000000000000000300
003000000000000000000000000000000000000000000000000000000000000000000000000000000000000000000000000000000000000000000000000000000000000000000300
003000000000000000000000000000000000000000000000000000000000000000000000000000000000000000000000000000000000000000000000000000000000000000000300
003000000000000000000000000000000000000000000000000000000000000000000000000000000000000000000000000000000000000000000000000000000000000000000300
003000000000000000000000000000000000000000000000000000000000000000000000000000000000000000000000000000000000000000000000000000000000000000000300
003000000000000000000000000000000000000000000000000000000000000000000000000000000000000000000000000000000000000000000000000000000000000000000300
003000000000000000000000000000000000000000000000000000000000000000001000000000000000000000000000000000000000000000000000000000000000000000000300
003000000000000000000000000000000000000000000000000000000000000000000000000000000000000000000000000000000000000000000000000000000000000000000300
003000000000000000000000000000000000000000000000000000000000000000000000000000000000000000000000000000000000000000000000000000000000000000000300
003000000000000000000000000000000000000000000000000000000000000000000000000000000000000000000000000000000000000000000000000000000000000000000300
003000000000000000000000000000000000000000000000000000001000000000000000100000000000000010000000000000000000000000000000000000000000000000000300
003000000000000000000000000000000000000000000000000000000000000000000000000000000000000000000000000000000000000000000000000000000000000000000300
003000000000000000000000000000000000000000000000000000000000000000033343433333000000000000000000000000000000000000000000000000000000000000000300
003000000000000000000000000000000000000000000000000000000000000333233334342333233300000000000000000000000000000000000000000000000000000000000300
003000000000000000000000000000000000000000001000000000000000133333333343433333333333000000001000000000000000000000000000000000000000000000000300
003000000000000000000000000000000000000000000000000000000003233323332334333323332333230000000000000000000000000000000000000000000000000000000300
003000000000000000000000000000000000000000000000000000000333333333333343433333333333333300000000000000000000000000000000000000000000000000000300
003000000000000000000000000000000000000000000000000000033323332333233334342333233323332333000000000000000000000000000000000000000000000000000300
003000000000000000000000000000000000000000000000100000333333333333333343433333333333333333300000100000000000000000000000000000000000000000000300
003000000000000000000000000000000000000000000000000003332333233323332334333323332333233323330000000000000000000000000000000000000000000000000300
003000000000000000000000000000000000000000000000000033333333333333333343433333333333333333333000000000000000000000000000000000000000000000000300
003000000000000000000000000000000000000000000000000333233323332333233334342333233323332333233300000000000000000000000000000000000000000000000300
003000000000000000000000000000000000100000000000003333333333333333333343433333333333333333333330000010000000000000000000000000000000000000000300
003000000000000000000000000000000000000000000000033323332333233323332334333323332333233323332333000000000000000000000000000000000000000000000300
003000000000000000000000000000000000000000000000333333333333333333333343433333333333333333333333300000000000000000000000000000000000000000000300
003000000000000000000000000000000000000000000000332333233323332333233334342333233323332333233323300000000000000000000000000000000000000000000300
003000000000000000000000000000000000000010000003333333333333333333333343433333333333333333333333330000001000000000000000000000000000000000000300
003000000000000000000000000000000000000000000003233323332333233323332334333323332333233323332333230000000000000000000000000000000000000000000300
003000000000000000000000000000000000000000000033333333333333333333333343433333333333333333333333333000000000000000000000000000000000000000000300
003000000000000000000000000000000000000000000023332333233323332333233334342333233323332333233323332000000000000000000000000000000000000000000300
003000000000000000000000000000000000000000001333333333333333333333333343433333333333333333333333333300000000100000000000000000000000000000000300
003000000000000000000000000000000000000000000333233323332333233323332334333323332333233323332333233300000000000000000000000000000000000000000300
003000000000000000000000000000000000000000003333333333333333333333333343433333333333333333333333333330000000000000000000000000000000000000000300
003000000000000000000000000000000000000000003323332333233323332333233334342333233323332333233323332330000000000000000000000000000000000000000300
003000000000000000000000000000001000000000003333333333333333333333333343433333333333333333333333333330000000000010000000000000000000000000000300
003000000000000000000000000000000000000000002333233323332333233323332334333323332333233323332333233320000000000000000000000000000000000000000300
003000000000000000000000000000000000000000033333333333333333333333333343433333333333333333333333333333000000000000000000000000000000000000000300
003000000000000000000000000000000000000000033323332333233323332333233334342333233323332333233323332333000000000000000000000000000000000000000300
003000000000000000000000000000000000100000033333333333333333333333333343433333333333333333333333333333000000000000001000000000000000000000000300
003000000000000000000000000000000000000000032333233323332333233323332334333323332333233323332333233323000000000000000000000000000000000000000300
003000000000000000000000000000000000000000033333333333333333333333333343433333333333333333333333333333000000000000000000000000000000000000000300
003000000000000000000000000000000000000000033323332333233323332333233334342333233323332333233323332333000000000000000000000000000000000000000300
003000000000000000000000000000000000000010033333333333333333333333333333333333333333333333333333333333001000000000000000000000000000000000000300
003000000000000000000000000000000000000000032333233323332333233323332333233323332333233323332333233323000000000000000000000000000000000000000300
003000000000000000000000000000000000000000033333333333333333333333333333333333333333333333333333333333000000000000000000000000000000000000000300
003000000000000000000000000000000000000000000022222222222222222222222222222222222222222222222222222000000000000000000000000000000000000000000300
003000000000000000000000000010000000000000001022222222222222222222222222222222222222222222222222222000000000100000000000000000000000000000000300
003000000000000000000000000000000000000000000022222222222222222222222222222222222222222222222222222000000000000000000000000000000000000000000300
003000000000000000000000000000000000000000000022222222222222222222222222222222222222222222222222222000000000000000000000000000000000000000000300
003000000000000000000000000000000000000000000022222222222222222222222222222222222222222222222222222000000000000000000000000000000000000000000300
003000000000000000000000000000001000000000000022222222222222222222222222222222222222222222222222222000000000000010000000000000000000000000000300
003000000000000000000000000000000000000000000022222222222222000000222222222222000000222222222222222000000000000000000000000000000000000000000300
003000000000000000000000000000000000000000000022222222222222000000222222222222000000222222222222222000000000000000000000000000000000000000000300
003000000000000000000000000000000000000000000022222222222222000000222222222222000000222222222222222000000000000000000000000000000000000000000300
003000000000000000000000000000000000100000000022222222222222000000222222222222000000222222222222222010000000000000001000000000000000000000000300
003000000000000000000000000000000000000000000002222222222222222222222222222222222222222222222222220000000000000000000000000000000000000000000300
003000000000000000000000000000000000000000000002222222222222222222222222222222222222222222222222220000000000000000000000000000000000000000000300
003000000000000000000000000000000000000000000032222222222222222222222222222222222222222222222222230000000000000000000000000000000000000000000300
003000000000000000000000000000000000000010000033322222222222222222222222222222222222222222222223330000001000000000000000000000000000000000000300
003000000000000000000000000000000000000000000033333222222222222222222222222222222222222222222333330000000000000000000000000000000000000000000300
003000000000000000000000000000000000000000000033333333222222222222222222222222222222222222333333330000000000000000000000000000000000000000000300
003000000000000000000000000000000000000000000033333333333222222222222222222222222222222333333333330000000000000000000000000000000000000000000300
003000000000000000000000000010000000000000001033333333333333222222222222222222222222333333333333330000000000100000000000000000000000000000000300
003000000000000000000000000000000000000000000033333333333333333332222222222222233333333333333333330000000000000000000000000000000000000000000300
003000000000000000000000000000000000000000000033333333333333333333333333333333333333333333333333330000000000000000000000000000000000000000000300
003000000000000000000000000000000000000000000033333333333333333333333333333333333333333333333333330000000000000000000000000000000000000000000300
003000000000000000000000000000001000000000000033333333333333333333333333333333333333333333333333330000000000000010000000000000000000000000000300
003000000000000000000000000000000000000000000033333333333333333333333333333333333333333333333333330000000000000000000000000000000000000000000300
003000000000000000000000000000000000000000000033333333333333333333333333333333333333333333333333330000000000000000000000000000000000000000000300
003000000000000000000000000000000000000000000033333333331333333313333333133333331333333313333333330000000000000000000000000000000000000000000300
003000000000000000000000000000000000100000000033333333332333333323333333233333332333333323333333330010000000000000000000000000000000000000000300
003000000000000000000000000000000000000000000033333333331333333313333333133333331333333313333333330000000000000000000000000000000000000000000300
003000000000000000000000000000000000000000000033333333332333333323333333233333332333333323333333330000000000000000000000000000000000000000000300
003000000000000000000000000000000000000000000033333333331333333313333333133333331333333313333333330000000000000000000000000000000000000000000300
003000000000000000000000000000000000000010000033333333333233333323333333233333332333333233333333330000001000000000000000000000000000000000000300
003000000000000000000000000000000000000000000033333333333233333313333333133333331333333233333333330000000000000000000000000000000000000000000300
003000000000000000000000000000000000000000000033333333333233333323333333233333332333333233333333330000000000000000000000000000000000000000000300
003000000000000000000000000000000000000000000033333333333233333313333333133333331333333233333333330000000000000000000000000000000000000000000300
003000000000000000000000000000000000000000001033333333333233333332333333233333323333333233333333330000000000100000000000000000000000000000000300
003000000000000000000000000000000000000000000003333333333233333332333333133333323333333233333333300000000000000000000000000000000000000000000300
003000000000000000000000000000000000000000000003333333333233333332333333233333323333333233333333300000000000000000000000000000000000000000000300
003000000000000000000000000000000000000000000003333333333233333332333333133333323333333233333333300000000000000000000000000000000000000000000300
003000000000000000000000000000000000000000000003333333333233333332333333233333323333333233333333300000000000000000000000000000000000000000000300
003000000000000000000000000000000000000000000003333333333313333332333333133333323333331333333333300000000000000000000000000000000000000000000300
003000000000000000000000000000000000000000000000333333333323333332333333233333323333332333333333000000000000000000000000000000000000000000000300
003000000000000000000000000000000000000000000000333333333313333332333333133333323333331333333333000000000000000000000000000000000000000000000300
003000000000000000000000000000000000000000000000333333333323333332333333233333323333332333333333000010000000000000000000000000000000000000000300
003000000000000000000000000000000000000000000000333333333313333332333333133333323333331333333333000000000000000000000000000000000000000000000300
003000000000000000000000000000000000000000000000033333333323333332333333233333323333332333333330000000000000000000000400004440400040000000000300
003000000000000000000000000000000000000000000000033333333313333332333333133333323333331333333330000000000000000000000400000400400040000000000300
003000000000000000000000000000000000000000000000033333333323333332333333233333323333332333333330000000000000000000000400000400400040000000000300
003000000000000000000000000000000000000000000000003333333313333332333333133333323333331333333300000000000000000000000400000400400040000000000300
003000000000000000000000000000000000000000000000003333333332333332333333233333323333323333333300000000000000000000000400000400400040000000000300
003000000000000000000000000000000000000000000000003333333332333332333333133333323333323333333300000000000000000000000400000400040400000000000300
003000000000000000000000000000000000000000000000000333333332333332333333233333323333323333333000000000000000000000000444404440004000000000000300
003000000000000000000000000000000000000000000000000033333332333332333333133333323333323333330000000000000000000000000000000000000000000000000300
003000000000000000000000000000000000000000000000000033333332333333233333233333233333323333330000000000000000000000000000000000000000000000000300
003000000000000000000000000000000000000000000000000003333332333333133333133333133333323333300000000000000000000000000000000000000000000000000300
003000000000000000000000000000000000000000000000000003333332333333233333233333233333323333300000000000000000000000000000777777770000000000000300
003000000000000000000000000000000000000000000000000011333332333333133333133333133333323333111000000000000000000000000077777777777700000000000300
003000000000000000000000000000000000000000000000111111333332333333233333233333233333323333111111100000000000000000007777777777777777000000000300
003000000000000000000000000000000000000000000111111111133333133333133333133333133333133331111111111100000000000000077777777777777777700000000300
003000000000000000000000000000000000000000111111111111113333233333233333233333233333233311111111111111100000000000777777777777777777770000000300
003000000000000000000000000000000000000011111111111111111333133333133333133333133333133111111111111111111000000007777777777777777777777000000300
003000000000000000000000000000000000011111111111111111111133233333233333233333233333231111111111111111111111000007777777777777777777777000000300
003000000000000000000000000000000001111111111111111111111113133333133333133333133333111111111111111111111111110077777777777777777777777700000300
003000000000000000000000000000000011111111111111111111111111333333333333333333333333111111111111111111111111111077777777770000077777777700000300
003000000000000000000000000000001111111111111111111111111111133333333333333333333331111111111111111111111111111777777777770777777777777770000300
003000000000000000000000000000111111111111111111111111111111113333333333333333333311111111111111111111111111111777777777770777777777777770000300
003000000000000000000000000001111111111111111111111111111111111333333333333333333111111111111111111111111111111777777777770000777777777770000300
003000000000000000000000000111111111111111111111111111111111111133333333333333331111111111111111111111111111111777777777777777077777777770000300
003000000000000000000000001111111111111111111111111111111111111111333333333333111111111111111111111111111111111777777777777777077777777770000300
003000000000000000000000011111111111111111111111111111111111111111113333333311111111111111111111111111111111111777777777777777077777777770000300
003000000000000000000000111111111111111111111111111111111111111111111333333111111111111111111111111111111111111777777777777777077777777770000300
003000000000000000000001111111111111111111111111111111111111111111111113311111111111111111111111111111111111111777777777770777077777777770000300
003000000000000000000011111111111111111111111111111111111111111111111111111111111111111111111111111111111111111177777777777000777777777700000300
003000000000000000000111111111111111111111111111111111111111111111111111111111111111111111111111111111111111111177777777777777777777777700000300
003000000000000000001111111111111111111111111111111111111111111111111111111111111111111111111111111111111111111117777777777777777777777000000300
003000000000000000011111111111111111111111111111111111111111111111111111111111111111111111111111111111111111111117777777777777777777777000000300
003000000000000000111111111111111111111111111111111111111111111111111111111111111111111111111111111111111111111111777777777777777777770000000300
003000000000000000111111111111111111111111111111111111111111111111111111111111111111111111111111111111111111111111177777777777777777700000000300
003000000000000001111111111111111111111111111111111111111111111111111111111111111111111111111111111111111111111111117777777777777777000000000300
003000000000000011111111111111111111111111111111111111111111111111111111111111111111111111111111111111111111111111111177777777777700000000000300
003300000000000011111111111111111111111111111111111111111111111111111111111111111111111111111111111111111111111111111111777777771000000000003300
000300000000000111111111111111111111111111111111111111111111111111111111111111111111111111111111111111111111111111111111111111111100000000003000
000330000000000111111111111111111111111111111111111111111111111111111111111111111111111111111111111111111111111111111111111111111100000000033000
000033000000001111111111111111111111111111111111111111111111111111111111111111111111111111111111111111111111111111111111111111111110000000330000
000003330000000000000000000000000000000000000000000000000000000000000000000000000000000000000000000000000000000000000000000000000000000033300000
000000033333333333333333333333333333333333333333333333333333333333333333333333333333333333333333333333333333333333333333333333333333333330000000
000000000000000000000000000000000000000000000000000000000000000000000000000000000000000000000000000000000000000000000000000000000000000000000000
000000000000000000000000000000000000000000000000000000000000000000000000000000000000000000000000000000000000000000000000000000000000000000000000
