000000000000000000000000000000000000000000000000000000000000000000000000000000000000000000000000000000000000000000000000000000000000000000000000000000000000000000000000000000000000000000000000000000000000000000000000000000000000000000000000000000000000000000000000000000000000000000000000
000000000000000000000000000000000000000000000000000000000000000000000000000000000000000000000000000000000000000000000000000000000000000000000000000000000000000000000000000000000000000000000000000000000000000000000000000000000000000000000000000000000000000000000000000000000000000000000000
000555555555555555555555555555555555555555555555555555555555555555555555555555555555555555555555555555555555555555555555555555555555555555555000000000000000000000000000000000000000000000000000000000000000000000000000000000000000000000000000000000000000000000000000000000000000000000000000
005555555555555555555555555555555555555555555555555555555555555555555555555555555555555555555555555555555555555555555555555555555555555555555500000000000000000000000000000000000000000000000000000000000000000000000000000000000000000000000000000000000000000000000000000030000000000000000000
005555555555555555555555555555555555555555555555555555555555555555555555555555555555555555555555555555555555555555555555555555555555555555555500000000000000000000000000000000000000000000000000000000000000000000000000000000000000000000000000000000000000000000000000000003000000000000000000
005555555555555555555555555555555555555555555555555555555555555555555555555555555555555555555555555555555555555555555555555555555555555555555500000000000000000000000000000000000000000000000000000000000000000000000000000000000000000000000000000000000000000000000000000000000000000000000000
005555555555555555555555555555550005550005500005550005500000500000500005000055000550000500000500055000550555050000555555555555555555555555555500000000000000333330333033330033300000033330033300300003000303333033333033333003330000000000000333003333003330300003330333330033300000000000000000
005555555555555555555555555555505550505550505550505550555055555055505555055505505505555555055550550555050555050555555555555555555555555555555500000000000000003000030030003003000000300000300030300003000303000000003000003030003000000000003000303000300300300000300003000300030000000000000000
005555555555555555555555555555505555505550505550505550555055555055505555055505505505555555055550550555550555050555555555555555555555555555555500000000000000003000030030003003000000300000300030300003000303000000030000030030003000000000003000303000300300300000300003000300030000000000000000
005555555555555555555555555555505555500000500005500000555055555055500055000055505550005555055550550555550000050005555555555555555555555555555500000000000000003000030033330003000000033300333330300003000303330000300000300033333000003000003333303333000300300000300003000333330000000000000000
005555555555555555555555555555505555505550505055505550555055555055505555050555505555550555055550550555550555050555555555555555555555555555555500000000000000003000030030300003000000000030300030300003000303000003000003000030003000000000003000303000300300300000300003000300030000000000000000
005555555555555555555555555555505550505550505505505550555055555055505555055055505555550555055550550555050555050555555555555555555555555555555500000000000000003000030030030003000000000030300030300000303003000030000030000030003000000000003000303000300300300000300003000300030000000000000000
005555555555555555555555555555550005505550505550505550555055555055500005055505000500005555055500055000550555050000555555555555555555555555555500000000000000003000333030003033300000333300300030333300030003333033333033333030003000000000003000303333003330333303330003000300030000000000000000
005555555555555555555555555555555555555555555555555555555555555555555555555555555555555555555555555555555555555555555555555555555555555555555500000000000000000000000000000000000000000000000000000000000000000000000000000000000000000000000000000000000000000000000000000000000000000000000000
005555555555555555555555555555555555555555555555555555555555555555555555555555555555555555555555555555555555555555555555555555555555555555555500000000000000000000000000000000000000000000000000000000000000000000000000000000000000000000000000000000000000000000000000000000000000000000000000
005555555555555555555555555555555555555555555555555555555555555555555555555555555555555555555555555555555555555555555555555555555555555555555500000000000000000000000000000000000000000000000000000000000000000000000000000000000000000000000000000000000000000000000000000000000000000000000000
000555555555555555555555555555555555555555555555555555555555555555555555555555555555555555555555555555555555555555555555555555555555555555555000000000000000000000000000000000000000000000000000000000000000000000000000000000000000000000000000000000000000000000000000000000000000000000000000
000000000000000000000000000000000000000000000000000000000000000000000000000000000000000000000000000000000000000000000000000000000000000000000000000000000000000000000000000000000000000000000000000000000000000000000000000000000000000000000000000000000000000000000000000000000000000000000000
002222222222222222222222222222222222222222222222222222222222222222222222222222222222222222222222222222222222222222222222222222222222222222222222222222222222222222222222222222222222222222222222222222222222222222222222222222222222222222222222222222222222222222222222222222222222222222222200
000000000000000000000000000000000000000000000000000000000000000000000000000000000000000000000000000000000000000000000000000000000000000000000000000000000000000000000000000000000000000000000000000000000000000000000000000000000000000000000000000000000000000000000000000000000000000000000000
000000000000000000000000000000000000000000000000000000000000000000000000000000000000000000000000000000000000000000000000000000000000000000000000000000000000000000000000000000000000000000000000000000000000000000000000000000000000000000000000000000000000000000000000000000000000000000000000
000000000000000000000000000000000000000000000000000000000000000000000000000000000000000000000000000000000000000000000000000000000000000000000000000000000000000000000000000000000000000000000000000000000000000000000000000000000000000000000000000000000000000000000000000000000000000000000000
000000044444444444444444444444444444444444444000000000444444444444444444444444444444444444440000000004444444444444444444444444444444444444400000000044444444444444444444444444444444444444000000000444444444444444444444444444444444444440000000004444444444444444444444444444444444444400000000
000004440000000000000000000000000000000000004440000044400000000000000000000000000000000000044400000444000000000000000000000000000000000000444000004440000000000000000000000000000000000004440000044400000000000000000000000000000000000044400000444000000000000000000000000000000000000444000000
000004000000000000000000000000000000000000000040000040000000000000000000000000000000000000000400000400000000000000000000000000000000000000004000004000000000000000000000000000000000000000040000040000000000000000000000000000000000000000400000400000000000000000000000000000000000000004000000
000044000000000000000000000000000000000000000044000440000000000000000000000000000000000000000440004400000000000000000000000000000000000000004400044000000000000000000000000000000000000000044000440000000000000000000000000000000000000000440004400000000000000000000000000000000000000004400000
000040000000000000000000000000000000000000000004000400000000000000000000000000000000000000000040004000000000000000000000000000000000000000000400040000000000000000000000000000000000000000004000400000000000000000000000000000000000000000040004000000000000000000000000000000000000000000400000
000040000000000004444400444400444440000000000004000400000000000044444004444400444440000000000040004000000000000444400044440004444400000000000400040000000000004444044004404444440000000000004000400000000000044444004444000444400000000000040004000000000000444400044440044444000000000000400000
000040000000000004400004400440440044000000000004000400000000000044004404400004400000000000000040004000000000004400440440044044000000000000000400040000000000000440044004400044000000000000004000400000000000440000044004404400440000000000040004000000000004400440440044044004400000000000400000
000040000000000004400004400440440044000000000004000400000000000044004404400004400000000000000040004000000000004400000440044044000000000000000400040000000000000440044404400044000000000000004000400000000000440000044004404400000000000000040004000000000004400000440044044004400000000000400000
000040000000000004444004400440444440000000000004000400000000000044004404444000444400000000000040004000000000004400000440044004444000000000000400040000000000000440044444400044000000000000004000400000000000044440044444404444440000000000040004000000000004400000444444044444000000000000400000
000040000000000004400004400440444400000000000004000400000000000044004404400000000440000000000040004000000000004400000440044000004400000000000400040000000000000440044044400044000000000000004000400000000000000044044004404400440000000000040004000000000004400000440044044440000000000000400000
000040000000000004400004400440440440000000000004000400000000000044004404400000000440000000000040004000000000004400440440044000004400000000000400040000000000000440044004400044000000000000004000400000000000000044044004404400440000000000040004000000000004400440440044044044000000000000400000
000040000000000004400000444400440044000000000004000400000000000044444004444404444400000000000040004000000000000444400044440044444000000000000400040000000000004444044004400044000000000000004000400000000000444440044004400444440000000000040004000000000000444400440044044004400000000000400000
000040000000000000000000000000000000000000000004000400000000000000000000000000000000000000000040004000000000000000000000000000000000000000000400040000000000000000000000000000000000000000004000400000000000000000000000000000000000000000040004000000000000000000000000000000000000000000400000
000040000000000000000000000000000000000000000004000400000000000000000000000000000000000000000040004000000000000000000000000000000000000000000400040000000000000000000000000000000000000000004000400000000000000000000000000000000000000000040004000000000000000000000000000000000000000000400000
000040000000000000000000000000000000000000000004000400000000000000000000000000000000000000000040004000000000000000000000000000000000000000000400040000000000000000000000000000000000000000004000400000000000000000000000000000000000000000040004000000000000000000000000000000000000000000400000
000040000000000000000000000000000000000000000004000400000000000000000000000000000000000000000040004000000000000000000000000000000000000000000400040000000000000000000000000000000000000000004000400000000000000000000000000000000000000000040004000000000000000000000000000000000000000000400000
000040000000000000000000000000000000000000000004000400000000000000000000000000000000000000000040004000000000000000000000000000000000000000000400040000000000000000000000000000000000000000004000400000000000000000000000000000000000000000040004000000000000000000000000000000000000000000400000
000040000000000000000000000000000000000000000004000400000000000000000000000000000000000000000040004000000000000000000000000000000000000000000400040000000000000000000000000000000000000000004000400000000000000000000000000000000000000000040004000000000000000000000000000000000000000000400000
000040000000000000000000000000000000000000000004000400000000000000000000000000000000000000000040004000000000000000000000000000000000000000000400040000000000000000000000000000000000000000004000400000000000000000000000000000000000000000040004000000000000000000000000000000000000000000400000
000040000000000000000000000000000000000000000004000400000000000000000000000000000000000000000040004000000000000000000000000000000000000000000400040000000000000000000000000000000000000000004000400000000000000000000000000000000000000000040004000000000000000000000000000000000000000000400000
000040000000000000000000000000000000000000000004000400000000000000000000000000000000000000000040004000000000000000000000000000000000000000000400040000000000000000000000000000000000000000004000400000000000000000000000000000000000000000040004000000000000000000000000000000000000000000400000
000040000000000000000000000000000000000000000004000400000000000000000000000000000000000000000040004000000000000000000000000000000000000000000400040000000000000000000000000000000000000000004000400000000000000000000000000000000000000000040004000000000000000000000000000000000000000000400000
000040000000000000000000000000000000000000000004000400000000000000000000000000000000000000000040004000000000000000000000000000000000000000000400040000000000000000000000000000000000000000004000400000000000000000000000000000000000000000040004000000000000000000000000000000000000000000400000
000040000000000000000000000000000000000000000004000400000000000000000000000000000000000000000040004000000000000000000000000000000000000000000400040000000000000000000000000000000000000000004000400000000000000000000000000000000000000000040004000000000000000000000000000000000000000000400000
000040000000000000000000000000000000000000000004000400000000000000000000000000000000000000000040004000000000000000000000000000000000000000000400040000000000000000000000000000000000000000004000400000000000000000000000000000000000000000040004000000000000000000000000000000000000000000400000
000040000000000000000000000000000000000000000004000400000000000000000000000000000000000000000040004000000000000000000000000000000000000000000400040000000000000000000000000000000000000000004000400000000000000000000000000000000000000000040004000000000000000000000000000000000000000000400000
000040000000000000000000000777777770000000000004000400000000000000000000007777777700000000000040004000000000000000000000077777777000000000000400040000000000000000000000777777770000000000004000400000000000000000000077000000770000000000040004000000000000000000000000777000000000000000400000
000040000000000000000000007777777777000000000004000400000000000000000000077777777770000000000040004000000000000000000000777777777700000000000400040000000000000000000007777777777000000000004000400000000000000000000077000000770000000000040004000000000000000000000007777000000000000000400000
000040000000000000000000007700000077000000000004000400000000000000000000077000000770000000000040004000000000000000000000770000007700000000000400040000000000000000000007700000077000000000004000400000000000000000000077000000770000000000040004000000000000000000000077077000000000000000400000
000040000000000000000000000000000077000000000004000400000000000000000000077000000770000000000040004000000000000000000000000000007700000000000400040000000000000000000007700000077000000000004000400000000000000000000077000000770000000000040004000000000000000000000000077000000000000000400000
000040000000000000077000000000000077000000000004000400000000000000770000077000000770000000000040004000000000000007700000000000007700000000000400040000000000000077000007700000077000000000004000400000000000000770000077000000770000000000040004000000000000007700000000077000000000000000400000
000040000000000000077000000000000077000000000004000400000000000000770000077000000770000000000040004000000000000007700000000000007700000000000400040000000000000077000007700000077000000000004000400000000000000770000077000000770000000000040004000000000000007700000000077000000000000000400000
000040000000000000077000000007777777000000000004000400000000000000770000077000000770000000000040004000000000000007700000077777777700000000000400040000000000000077000007700000077000000000004000400000000000000770000077000000770000000000040004000000000000007700000000077000000000000000400000
000040000000000077777777000007777777000000000004000400000000000777777770077000000770000000000040004000000000007777777700777777777000000000000400040000000000077777777007700000077000000000004000400000000000777777770077777777770000000000040004000000000007777777700000077000000000000000400000
000040000000000077777777000000000077000000000004000400000000000777777770077000000770000000000040004000000000007777777700770000000000000000000400040000000000077777777007700000077000000000004000400000000000777777770077777777770000000000040004000000000007777777700000077000000000000000400000
000040000000000000077000000000000077000000000004000400000000000000770000077000000770000000000040004000000000000007700000770000000000000000000400040000000000000077000007700000077000000000004000400000000000000770000000000000770000000000040004000000000000007700000000077000000000000000400000
000040000000000000077000000000000077000000000004000400000000000000770000077000000770000000000040004000000000000007700000770000000000000000000400040000000000000077000007700000077000000000004000400000000000000770000000000000770000000000040004000000000000007700000000077000000000000000400000
000040000000000000077000000000000077000000000004000400000000000000770000077000000770000000000040004000000000000007700000770000000000000000000400040000000000000077000007700000077000000000004000400000000000000770000000000000770000000000040004000000000000007700000000077000000000000000400000
000040000000000000000000000000000077000000000004000400000000000000000000077000000770000000000040004000000000000000000000770000000000000000000400040000000000000000000007700000077000000000004000400000000000000000000000000000770000000000040004000000000000000000000000077000000000000000400000
000040000000000000000000007700000077000000000004000400000000000000000000077000000770000000000040004000000000000000000000770000000000000000000400040000000000000000000007700000077000000000004000400000000000000000000000000000770000000000040004000000000000000000000000077000000000000000400000
000040000000000000000000007777777777000000000004000400000000000000000000077777777770000000000040004000000000000000000000777777777700000000000400040000000000000000000007777777777000000000004000400000000000000000000000000000770000000000040004000000000000000000000077777777000000000000400000
000040000000000000000000000777777770000000000004000400000000000000000000007777777700000000000040004000000000000000000000777777777700000000000400040000000000000000000000777777770000000000004000400000000000000000000000000000770000000000040004000000000000000000000077777777000000000000400000
000040000000000000000000000000000000000000000004000400000000000000000000000000000000000000000040004000000000000000000000000000000000000000000400040000000000000000000000000000000000000000004000400000000000000000000000000000000000000000040004000000000000000000000000000000000000000000400000
000040000000000000000000000000000000000000000004000400000000000000000000000000000000000000000040004000000000000000000000000000000000000000000400040000000000000000000000000000000000000000004000400000000000000000000000000000000000000000040004000000000000000000000000000000000000000000400000
000040000000000000000000000000000000000000000004000400000000000000000000000000000000000000000040004000000000000000000000000000000000000000000400040000000000000000000000000000000000000000004000400000000000000000000000000000000000000000040004000000000000000000000000000000000000000000400000
000040000000000000000000000000000000000000000004000400000000000000000000000000000000000000000040004000000000000000000000000000000000000000000400040000000000000000000000000000000000000000004000400000000000000000000000000000000000000000040004000000000000000000000000000000000000000000400000
000040000000000000000000000000000000000000000004000400000000000000000000000000000000000000000040004000000000000000000000000000000000000000000400040000000000000000000000000000000000000000004000400000000000000000000000000000000000000000040004000000000000000000000000000000000000000000400000
000040000000000000000000000000000000000000000004000400000000000000000000000000000000000000000040004000000000000000000000000000000000000000000400040000000000000000000000000000000000000000004000400000000000000000000000000000000000000000040004000000000000000000000000000000000000000000400000
000040000000000000000000000000000000000000000004000400000000000000000000000000000000000000000040004000000000000000000000000000000000000000000400040000000000000000000000000000000000000000004000400000000000000000000000000000000000000000040004000000000000000000000000000000000000000000400000
000040000000000000000000000000000000000000000004000400000000000000000000000000000000000000000040004000000000000000000000000000000000000000000400040000000000000000000000000000000000000000004000400000000000000000000000000000000000000000040004000000000000000000000000000000000000000000400000
000040000000000000000000000000000000000000000004000400000000000000000000000000000000000000000040004000000000000000000000000000000000000000000400040000000000000000000000000000000000000000004000400000000000000000000000000000000000000000040004000000000000000000000000000000000000000000400000
000040000000000000000000000000000000000000000004000400000000000000000000000000000000000000000040004000000000000000000000000000000000000000000400040000000000000000000000000000000000000000004000400000000000000000000000000000000000000000040004000000000000000000000000000000000000000000400000
000040000000000000000000000000000000000000000004000400000000000000000000000000000000000000000040004000000000000000000000000000000000000000000400040000000000000000000000000000000000000000004000400000000000000000000000000000000000000000040004000000000000000000000000000000000000000000400000
000040000000000000000000000000000000000000000004000400000000000000000000000000000000000000000040004000000000000000000000000000000000000000000400040000000000000000000000000000000000000000004000400000000000000000000000000000000000000000040004000000000000000000000000000000000000000000400000
000040000000000000000000000000000000000000000004000400000000000000000000000000000000000000000040004000000000000000000000000000000000000000000400040000000000000000000000000000000000000000004000400000000000000000000000000000000000000000040004000000000000000000000000000000000000000000400000
000040000000000000000000000000000000000000000004000400000000000000000000000000000000000000000040004000000000000000000000000000000000000000000400040000000000000000000000000000000000000000004000400000000000000000000000000000000000000000040004000000000000000000000000000000000000000000400000
000040000000000000000000000000000000000000000004000400000000000000000000000000000000000000000040004000000000000000000000000000000000000000000400040000000000000000000000000000000000000000004000400000000000000000000000000000000000000000040004000000000000000000000000000000000000000000400000
000040000000000000000000000000000000000000000004000400000000000000000000000000000000000000000040004000000000000000000000000000000000000000000400040000000000000000000000000000000000000000004000400000000000000000000000000000000000000000040004000000000000000000000000000000000000000000400000
000040000000000000000000000000000000000000000004000400000000000000000000000000000000000000000040004000000000000000000000000000000000000000000400040000000000000000000000000000000000000000004000400000000000000000000000000000000000000000040004000000000000000000000000000000000000000000400000
000040000000000000000000000000000000000000000004000400000000000000000000000000000000000000000040004000000000000000000000000000000000000000000400040000000000000000000000000000000000000000004000400000000000000000000000000000000000000000040004000000000000000000000000000000000000000000400000
000040000000000000000000000000000000000000000004000400000000000000000000000000000000000000000040004000000000000000000000000000000000000000000400040000000000000000000000000000000000000000004000400000000000000000000000000000000000000000040004000000000000000000000000000000000000000000400000
000040000000000000000000000000000000000000000004000400000000000000000000000000000000000000000040004000000000000000000000000000000000000000000400040000000000000000000000000000000000000000004000400000000000000000000000000000000000000000040004000000000000000000000000000000000000000000400000
000040000000000000000000000000000000000000000004000400000000000000000000000000000000000000000040004000000000000000000000000000000000000000000400040000000000000000000000000000000000000000004000400000000000000000000000000000000000000000040004000000000000000000000000000000000000000000400000
000040000000000000000000000000000000000000000004000400000000000000000000000000000000000000000040004000000000000000000000000000000000000000000400040000000000000000000000000000000000000000004000400000000000000000000000000000000000000000040004000000000000000000000000000000000000000000400000
000040000000000000000000000000000000000000000004000400000000000000000000000000000000000000000040004000000000000000000000000000000000000000000400040000000000000000000000000000000000000000004000400000000000000000000000000000000000000000040004000000000000000000000000000000000000000000400000
000040000000000000000000000000000000000000000004000400000000000000000000000000000000000000000040004000000000000000000000000000000000000000000400040000000000000000000000000000000000000000004000400000000000000000000000000000000000000000040004000000000000000000000000000000000000000000400000
000040000000000000000000000000000000000000000004000400000000000000000000000000000000000000000040004000000000000000000000000000000000000000000400040000000000000000000000000000000000000000004000400000000000000000000000000000000000000000040004000000000000000000000000000000000000000000400000
000040000000000000000000000000000000000000000004000400000000000000000000000000000000000000000040004000000000000000000000000000000000000000000400040000000000000000000000000000000000000000004000400000000000000000000000000000000000000000040004000000000000000000000000000000000000000000400000
000040000000000000000000000000000000000000000004000400000000000000000000000000000000000000000040004000000000000000000000000000000000000000000400040000000000000000000000000000000000000000004000400000000000000000000000000000000000000000040004000000000000000000000000000000000000000000400000
000040000000000000000000000000000000000000000004000400000000000000000000000000000000000000000040004000000000000000000000000000000000000000000400040000000000000000000000000000000000000000004000400000000000000000000000000000000000000000040004000000000000000000000000000000000000000000400000
000040000000000000000444444444400000000000000004000400000000000000004444444444000000000000000040004000000000000000044444444440000000000000000400040000000000000000444444444400000000000000004000400000000000000004444444444000000000000000040004000000000000000044444444440000000000000000400000
000040000000000000444000000000044400000000000004000400000000000004440000000000444000000000000040004000000000000044400000000004440000000000000400040000000000000444000000000044400000000000004000400000000000004440000000000444000000000000040004000000000000044400000000004440000000000000400000
000040000000000044000000000000000044000000000004000400000000000440000000000000000440000000000040004000000000004400000000000000004400000000000400040000000000044000000000000000044000000000004000400000000000440000000000000000440000000000040004000000000004400000000000000004400000000000400000
000040000000000400000000000000000000400000000004000400000000004000000000000000000004000000000040004000000000040000000000000000000040000000000400040000000000400000000000000000000400000000004000400000000004000000000000000000004000000000040004000000000040000000000000000000040000000000400000
000040000000044000000000000000000000044000000004000400000000440000000000000000000000440000000040004000000004400000000000000000000004400000000400040000000044000000000000000000000044000000004000400000000440000000000000000000000440000000040004000000004400000000000000000000004400000000400000
000040000000040000000005000055500000004000000004000400000000400000000050000555000000040000000040004000000004000000000500000050000000400000000400040000000040000000005000055500000004000000004000400000000400000000050000555000000040000000040004000000004000000000500005550000000400000000400000
000040000000400000000055000500050000000400000004000400000004000000000550005000500000004000000040004000000040000000005500000550000000040000000400040000000400000000055000500050000000400000004000400000004000000000550005000500000004000000040004000000040000000005500050005000000040000000400000
000040000004000000000505000500000000000040000004000400000040000000005050005000500000000400000040004000000400000000050500005050000000004000000400040000004000000000505000500050000000040000004000400000040000000005050005000500000000400000040004000000400000000050500000005000000004000000400000
000040000004000000000005000500000000000040000004000400000040000000000050005005500000000400000040004000000400000000000500050050000000004000000400040000004000000000005000500550000000040000004000400000040000000000050005000500000000400000040004000000400000000000500000005000000004000000400000
000040000004000000000005000555500000000040000004000400000040000000000050005050500000000400000040004000000400000000000500050050000000004000000400040000004000000000005000505050000000040000004000400000040000000000050000555000000000400000040004000000400000000000500000050000000004000000400000
000040000004000000000005000500050000000040000004000400000040000000000050005500500000000400000040004000000400000000000500055555000000004000000400040000004000000000005000550050000000040000004000400000040000000000050005000500000000400000040004000000400000000000500000500000000004000000400000
000040000004000000000005000500050000000040000004000400000040000000000050005000500000000400000040004000000400000000000500000050000000004000000400040000004000000000005000500050000000040000004000400000040000000000050005000500000000400000040004000000400000000000500005000000000004000000400000
000040000004000000000005000500050000000040000004000400000040000000000050005000500000000400000040004000000400000000000500000050000000004000000400040000004000000000005000500050000000040000004000400000040000000000050005000500000000400000040004000000400000000000500050000000000004000000400000
000040000000400000000005000500050000000400000004000400000004000000000050005000500000004000000040004000000040000000000500000050000000040000000400040000000400000000005000500050000000400000004000400000004000000000050005000500000004000000040004000000040000000000500050000000000040000000400000
000040000000040000000555550055500000004000000004000400000000400000005555500555000000040000000040004000000004000000055555000050000000400000000400040000000040000000555550055500000004000000004000400000000400000005555500555000000040000000040004000000004000000055555055555000000400000000400000
000040000000044000000000000000000000044000000004000400000000440000000000000000000000440000000040004000000004400000000000000000000004400000000400040000000044000000000000000000000044000000004000400000000440000000000000000000000440000000040004000000004400000000000000000000004400000000400000
000040000000000400000000000000000000400000000004000400000000004000000000000000000004000000000040004000000000040000000000000000000040000000000400040000000000400000000000000000000400000000004000400000000004000000000000000000004000000000040004000000000040000000000000000000040000000000400000
000040000000000044000000000000000044000000000004000400000000000440000000000000000440000000000040004000000000004400000000000000004400000000000400040000000000044000000000000000044000000000004000400000000000440000000000000000440000000000040004000000000004400000000000000004400000000000400000
000040000000000000444000000000044400000000000004000400000000000004440000000000444000000000000040004000000000000044400000000004440000000000000400040000000000000444000000000044400000000000004000400000000000004440000000000444000000000000040004000000000000044400000000004440000000000000400000
000040000000000000000444444444400000000000000004000400000000000000004444444444000000000000000040004000000000000000044444444440000000000000000400040000000000000000444444444400000000000000004000400000000000000004444444444000000000000000040004000000000000000044444444440000000000000000400000
000040000000000000000000000000000000000000000004000400000000000000000000000000000000000000000040004000000000000000000000000000000000000000000400040000000000000000000000000000000000000000004000400000000000000000000000000000000000000000040004000000000000000000000000000000000000000000400000
000040000000000000000000000000000000000000000004000400000000000000000000000000000000000000000040004000000000000000000000000000000000000000000400040000000000000000000000000000000000000000004000400000000000000000000000000000000000000000040004000000000000000000000000000000000000000000400000
000040000000000000000000000000000000000000000004000400000000000000000000000000000000000000000040004000000000000000000000000000000000000000000400040000000000000000000000000000000000000000004000400000000000000000000000000000000000000000040004000000000000000000000000000000000000000000400000
000040000000000000000000000000000000000000000004000400000000000000000000000000000000000000000040004000000000000000000000000000000000000000000400040000000000000000000000000000000000000000004000400000000000000000000000000000000000000000040004000000000000000000000000000000000000000000400000
000040000000000000000000000000000000000000000004000400000000000000000000000000000000000000000040004000000000000000000000000000000000000000000400040000000000000000000000000000000000000000004000400000000000000000000000000000000000000000040004000000000000000000000000000000000000000000400000
000040000000000000000000000000000000000000000004000400000000000000000000000000000000000000000040004000000000000000000000000000000000000000000400040000000000000000000000000000000000000000004000400000000000000000000000000000000000000000040004000000000000000000000000000000000000000000400000
000044000000000000000000000000000000000000000044000440000000000000000000000000000000000000000440004400000000000000000000000000000000000000004400044000000000000000000000000000000000000000044000440000000000000000000000000000000000000000440004400000000000000000000000000000000000000004400000
000004000000000000000000000000000000000000000040000040000000000000000000000000000000000000000400000400000000000000000000000000000000000000004000004000000000000000000000000000000000000000040000040000000000000000000000000000000000000000400000400000000000000000000000000000000000000004000000
000004440000000000000000000000000000000000004440000044400000000000000000000000000000000000044400000444000000000000000000000000000000000000444000004440000000000000000000000000000000000004440000044400000000000000000000000000000000000044400000444000000000000000000000000000000000000444000000
000000044444444444444444444444444444444444444000000000444444444444444444444444444444444444440000000004444444444444444444444444444444444444400000000044444444444444444444444444444444444444000000000444444444444444444444444444444444444440000000004444444444444444444444444444444444444400000000
000000000000000000000000000000000000000000000000000000000000000000000000000000000000000000000000000000000000000000000000000000000000000000000000000000000000000000000000000000000000000000000000000000000000000000000000000000000000000000000000000000000000000000000000000000000000000000000000
000000000000000000000000000000000000000000000000000000000000000000000000000000000000000000000000000000000000000000000000000000000000000000000000000000000000000000000000000000000000000000000000000000000000000000000000000000000000000000000000000000000000000000000000000000000000000000000000
000000000000000000000000000000000000000000000000000000000000000000000000000000000000000000000000000000000000000000000000000000000000000000000000000000000000000000000000000000000000000000000000000000000000000000000000000000000000000000000000000000000000000000000000000000000000000000000000
000000000000000000000000000000000000000000000000000000000000000000000000000000000000000000000000000000000000000000000000000000000000000000000000000000000000000000000000000000000000000000000000000000000000000000000000000000000000000000000000000000000000000000000000000000000000000000000000
000000000000000000000000000000000000000000000000000000000000000000000000000000000000000000000000000000000000000000000000000000000000000000000000000000000000000000000000000000000000000000000000000000000000000000000000000000000000000000000000000000000000000000000000000000000000000000000000
000000000000000000000000000000000000000000000000000000000000000000000000000000000000000000000000000000000000000000000000000000000000000000000000000000000000000000000000000000000000000000000000000000000000000000000000000000000000000000000000000000000000000000000000000000000000000000000000
000000000000000000000000000000000000000000000000000000000000000000000000000000000000000000000000000000000000000000000000000000000000000000000000000000000000000000000000000000000000000000000000000000000000000000000000000000000000000000000000000000000000000000000000000000000000000000000000
000000000000000000000000000000000000000000000000000000000000000000000000000000000000000000000000000000000000000000000000000000000000000000000000000000000000000000000000000000000000000000000000000000000000000000000000000000000000000000000000000000000000000000000000000000000000000000000000
000000000000000000000000000000000000000000000000000000000000000000000000000000000000000000000000000000000000000000000000000000000000000000000000000000000000000000000000000000000000000000000000000000000000000000000000000000000000000000000000000000000000000000000000000000000000000000000000
000000000000000000000000000000000000000003333003333033330003330033330333330333003330030003033330000033330003330003333003333033303000300333000000003000000300000000000003333003330030003033330003330030003033300333303330033300300030333300000033300033300000000000000000000000000000000000000000
000000000000000000000000000000000000000003000303000030003030003030000000030030030003030003030000000030003030003030000030000003003000303000300000033000003300000000000030000030003030003030003030003030003003003000000300300030300030300000000300000300030000000000000000000000000000000000000000
000000000000000000000000000000000000000003000303000030003030000030000000300030030003033003030000000030003030003030000030000003003000303000300000003000030300000000000030000030000030003030003030003030003003003000000300300030330030300000000300000300330000000000000000000000000000000000000000
000000000000000000000000000000000000000003333003330033330030000033300003000030030003030303033300000033330033333003330003330003003000303333300000003000300300000030000003330030000030003033330030003030003003000333000300300030303030333000000333300303030000000000000000000000000000000000000000
000000000000000000000000000000000000000003000003000030300030000030000030000030030003030033030000000030000030003000003000003003003000303000300000003000333330000000000000003030000030003030300030003030003003000000300300300030300330300000000300030330030000000000000000000000000000000000000000
000000000000000000000000000000000000000003000003000030030030003030000300000030030003030003030000000030000030003000003000003003000303003000300000003000000300000000000000003030003030003030030030003003030003000000300300300030300030300000000300030300030000000000000000000000000000000000000000
000000000000000000000000000000000000000003000003333030003003330033330333330333003330030003033330000030000030003033330033330033300030003000300000033300000300000000000033330003330003330030003003330000300033303333003330033300300030333300000033300033300000000000000000000000000000000000000000
000000000000000000000000000000000000000000000000000000000000000000000000000000000000000000000000000000000000000000000000000000000000000000000000000000000000000000000000000000000000000000000000000000000000000000000000000000000000000000000000000000000000000000000000000000000000000000000000
000000000000000000000000000000000000000000000000000000000000000000000000000000000000000000000000000000000000000000000000000000000000000000000000000000000000000000000000000000000000000000000000000000000000000000000000000000000000000000000000000000000000000000000000000000000000000000000000
000000000000000000000000000000000000000000000000000000000000000000000000000000000000000000000000000000000000000000000000000000000000000000000000000000000000000000000000000000000000000000000000000000000000000000000000000000000000000000000000000000000000000000000000000000000000000000000000
000000000000000000000000000000000000000000000000000000000000000000000000000000000000000000000000000000000000000000000000000000000000000000000000000000000000000000000000000000000000000000000000000000000000000000000000000000000000000000000000000000000000000000000000000000000000000000000000
000000000000000000000000000000000000000000000000000000000000000000000000000000000000000000000000000000000000000000000000000000000000000000000000000000000000000000000000000000000000000000000000000000000000000000000000000000000000000000000000000000000000000000000000000000000000000000000000
000000000000000000000000000000000000000000000000000000000000000000000000000000000000000000000000000000000000000000000000000000000000000000000000000000000000000000000000000000000000000000000000000000000000000000000000000000000000000000000000000000000000000000000000000000000000000000000000
