000000000000000000000000000000000000000000000000000000000000000000000000000000000000000000000000000000000000000000000000000000000000000000000000000000000000000000000000000000000000000000000000000000000000000000000000000000000000000000000000000000000000000000000000000000000000000000000000
000000000000000000000000000000000000000000000000000000000000000000000000000000000000000000000000000000000000000000000000000000000000000000000000000000000000000000000000000000000000000000000000000000000000000000000000000000000000000000000000000000000000000000000000000000000000000000000000
000cccccccccccccccccccccccccccccccccccccccccccccccccccccccccccccccccccccccccccccccccccccccccccccccccccccccccccccccccccccccccccccccccccccccccc000000000000000000000000000000000000000000000000000000000000000000000000000000000000000000000000000000000000000000000000000000000000000000000000000
00cccccccccccccccccccccccccccccccccccccccccccccccccccccccccccccccccccccccccccccccccccccccccccccccccccccccccccccccccccccccccccccccccccccccccccc00000000000000000000000000000000000000000000000000000000000000000000000000000000000000000000000000000000000000000000000000000070000000000000000000
00cccccccccccccccccccccccccccccccccccccccccccccccccccccccccccccccccccccccccccccccccccccccccccccccccccccccccccccccccccccccccccccccccccccccccccc00000000000000000000000000000000000000000000000000000000000000000000000000000000000000000000000000000000000000000000000000000007000000000000000000
00cccccccccccccccccccccccccccccccccccccccccccccccccccccccccccccccccccccccccccccccccccccccccccccccccccccccccccccccccccccccccccccccccccccccccccc00000000000000000000000000000000000000000000000000000000000000000000000000000000000000000000000000000000000000000000000000000000000000000000000000
00cccccccccccccccccccccccccccccc000ccc000cc0000ccc000cc00000c00000c0000c0000cc000cc0000c00000c000cc000cc0ccc0c0000cccccccccccccccccccccccccccc00000000000000777770777077770077700000077770077700700007000707777077777077777007770000000000000777007777007770700007770777770077700000000000000000
00ccccccccccccccccccccccccccccc0ccc0c0ccc0c0ccc0c0ccc0ccc0ccccc0ccc0cccc0ccc0cc0cc0ccccccc0cccc0cc0ccc0c0ccc0c0ccccccccccccccccccccccccccccccc00000000000000007000070070007007000000700000700070700007000707000000007000007070007000000000007000707000700700700000700007000700070000000000000000
00ccccccccccccccccccccccccccccc0ccccc0ccc0c0ccc0c0ccc0ccc0ccccc0ccc0cccc0ccc0cc0cc0ccccccc0cccc0cc0ccccc0ccc0c0ccccccccccccccccccccccccccccccc00000000000000007000070070007007000000700000700070700007000707000000070000070070007000000000007000707000700700700000700007000700070000000000000000
00ccccccccccccccccccccccccccccc0ccccc00000c0000cc00000ccc0ccccc0ccc000cc0000ccc0ccc000cccc0cccc0cc0ccccc00000c000ccccccccccccccccccccccccccccc00000000000000007000070077770007000000077700777770700007000707770000700000700077777000007000007777707777000700700000700007000777770000000000000000
00ccccccccccccccccccccccccccccc0ccccc0ccc0c0c0ccc0ccc0ccc0ccccc0ccc0cccc0c0cccc0cccccc0ccc0cccc0cc0ccccc0ccc0c0ccccccccccccccccccccccccccccccc00000000000000007000070070700007000000000070700070700007000707000007000007000070007000000000007000707000700700700000700007000700070000000000000000
00ccccccccccccccccccccccccccccc0ccc0c0ccc0c0cc0cc0ccc0ccc0ccccc0ccc0cccc0cc0ccc0cccccc0ccc0cccc0cc0ccc0c0ccc0c0ccccccccccccccccccccccccccccccc00000000000000007000070070070007000000000070700070700000707007000070000070000070007000000000007000707000700700700000700007000700070000000000000000
00cccccccccccccccccccccccccccccc000cc0ccc0c0ccc0c0ccc0ccc0ccccc0ccc0000c0ccc0c000c0000cccc0ccc000cc000cc0ccc0c0000cccccccccccccccccccccccccccc00000000000000007000777070007077700000777700700070777700070007777077777077777070007000000000007000707777007770777707770007000700070000000000000000
00cccccccccccccccccccccccccccccccccccccccccccccccccccccccccccccccccccccccccccccccccccccccccccccccccccccccccccccccccccccccccccccccccccccccccccc00000000000000000000000000000000000000000000000000000000000000000000000000000000000000000000000000000000000000000000000000000000000000000000000000
00cccccccccccccccccccccccccccccccccccccccccccccccccccccccccccccccccccccccccccccccccccccccccccccccccccccccccccccccccccccccccccccccccccccccccccc00000000000000000000000000000000000000000000000000000000000000000000000000000000000000000000000000000000000000000000000000000000000000000000000000
00cccccccccccccccccccccccccccccccccccccccccccccccccccccccccccccccccccccccccccccccccccccccccccccccccccccccccccccccccccccccccccccccccccccccccccc00000000000000000000000000000000000000000000000000000000000000000000000000000000000000000000000000000000000000000000000000000000000000000000000000
000cccccccccccccccccccccccccccccccccccccccccccccccccccccccccccccccccccccccccccccccccccccccccccccccccccccccccccccccccccccccccccccccccccccccccc000000000000000000000000000000000000000000000000000000000000000000000000000000000000000000000000000000000000000000000000000000000000000000000000000
000000000000000000000000000000000000000000000000000000000000000000000000000000000000000000000000000000000000000000000000000000000000000000000000000000000000000000000000000000000000000000000000000000000000000000000000000000000000000000000000000000000000000000000000000000000000000000000000
004444444444444444444444444444444444444444444444444444444444444444444444444444444444444444444444444444444444444444444444444444444444444444444444444444444444444444444444444444444444444444444444444444444444444444444444444444444444444444444444444444444444444444444444444444444444444444444400
000000000000000000000000000000000000000000000000000000000000000000000000000000000000000000000000000000000000000000000000000000000000000000000000000000000000000000000000000000000000000000000000000000000000000000000000000000000000000000000000000000000000000000000000000000000000000000000000
000000000000000000000000000000000000000000000000000000000000000000000000000000000000000000000000000000000000000000000000000000000000000000000000000000000000000000000000000000000000000000000000000000000000000000000000000000000000000000000000000000000000000000000000000000000000000000000000
000000000000000000000000000000000000000000000000000000000000000000000000000000000000000000000000000000000000000000000000000000000000000000000000000000000000000000000000000000000000000000000000000000000000000000000000000000000000000000000000000000000000000000000000000000000000000000000000
000000088888888888888888888888888888888888888000000000888888888888888888888888888888888888880000000008888888888888888888888888888888888888800000000088888888888888888888888888888888888888000000000888888888888888888888888888888888888880000000008888888888888888888888888888888888888800000000
000008880000000000000000000000000000000000008880000088800000000000000000000000000000000000088800000888000000000000000000000000000000000000888000008880000000000000000000000000000000000008880000088800000000000000000000000000000000000088800000888000000000000000000000000000000000000888000000
000008000000000000000000000000000000000000000080000080000000000000000000000000000000000000000800000800000000000000000000000000000000000000008000008000000000000000000000000000000000000000080000080000000000000000000000000000000000000000800000800000000000000000000000000000000000000008000000
000088000000000000000000000000000000000000000088000880000000000000000000000000000000000000000880008800000000000000000000000000000000000000008800088000000000000000000000000000000000000000088000880000000000000000000000000000000000000000880008800000000000000000000000000000000000000008800000
000080000000000000000000000000000000000000000008000800000000000000000000000000000000000000000080008000000000000000000000000000000000000000000800080000000000000000000000000000000000000000008000800000000000000000000000000000000000000000080008000000000000000000000000000000000000000000800000
000080000000000009999900999900999990000000000008000800000000000099999009999900999990000000000080008000000000000999900099990009999900000000000800080000000000009999099009909999990000000000008000800000000000099999009999000999900000000000080008000000000000999900099990099999000000000000800000
000080000000000009900009900990990099000000000008000800000000000099009909900009900000000000000080008000000000009900990990099099000000000000000800080000000000000990099009900099000000000000008000800000000000990000099009909900990000000000080008000000000009900990990099099009900000000000800000
000080000000000009900009900990990099000000000008000800000000000099009909900009900000000000000080008000000000009900000990099099000000000000000800080000000000000990099909900099000000000000008000800000000000990000099009909900000000000000080008000000000009900000990099099009900000000000800000
000080000000000009999009900990999990000000000008000800000000000099009909999000999900000000000080008000000000009900000990099009999000000000000800080000000000000990099999900099000000000000008000800000000000099990099999909999990000000000080008000000000009900000999999099999000000000000800000
000080000000000009900009900990999900000000000008000800000000000099009909900000000990000000000080008000000000009900000990099000009900000000000800080000000000000990099099900099000000000000008000800000000000000099099009909900990000000000080008000000000009900000990099099990000000000000800000
000080000000000009900009900990990990000000000008000800000000000099009909900000000990000000000080008000000000009900990990099000009900000000000800080000000000000990099009900099000000000000008000800000000000000099099009909900990000000000080008000000000009900990990099099099000000000000800000
000080000000000009900000999900990099000000000008000800000000000099999009999909999900000000000080008000000000000999900099990099999000000000000800080000000000009999099009900099000000000000008000800000000000999990099009900999990000000000080008000000000000999900990099099009900000000000800000
000080000000000000000000000000000000000000000008000800000000000000000000000000000000000000000080008000000000000000000000000000000000000000000800080000000000000000000000000000000000000000008000800000000000000000000000000000000000000000080008000000000000000000000000000000000000000000800000
000080000000000000000000000000000000000000000008000800000000000000000000000000000000000000000080008000000000000000000000000000000000000000000800080000000000000000000000000000000000000000008000800000000000000000000000000000000000000000080008000000000000000000000000000000000000000000800000
000080000000000000000000000000000000000000000008000800000000000000000000000000000000000000000080008000000000000000000000000000000000000000000800080000000000000000000000000000000000000000008000800000000000000000000000000000000000000000080008000000000000000000000000000000000000000000800000
000080000000000000000000000000000000000000000008000800000000000000000000000000000000000000000080008000000000000000000000000000000000000000000800080000000000000000000000000000000000000000008000800000000000000000000000000000000000000000080008000000000000000000000000000000000000000000800000
000080000000000000000000000000000000000000000008000800000000000000000000000000000000000000000080008000000000000000000000000000000000000000000800080000000000000000000000000000000000000000008000800000000000000000000000000000000000000000080008000000000000000000000000000000000000000000800000
000080000000000000000000000000000000000000000008000800000000000000000000000000000000000000000080008000000000000000000000000000000000000000000800080000000000000000000000000000000000000000008000800000000000000000000000000000000000000000080008000000000000000000000000000000000000000000800000
000080000000000000000000000000000000000000000008000800000000000000000000000000000000000000000080008000000000000000000000000000000000000000000800080000000000000000000000000000000000000000008000800000000000000000000000000000000000000000080008000000000000000000000000000000000000000000800000
000080000000000000000000000000000000000000000008000800000000000000000000000000000000000000000080008000000000000000000000000000000000000000000800080000000000000000000000000000000000000000008000800000000000000000000000000000000000000000080008000000000000000000000000000000000000000000800000
000080000000000000000000000000000000000000000008000800000000000000000000000000000000000000000080008000000000000000000000000000000000000000000800080000000000000000000000000000000000000000008000800000000000000000000000000000000000000000080008000000000000000000000000000000000000000000800000
000080000000000000000000000000000000000000000008000800000000000000000000000000000000000000000080008000000000000000000000000000000000000000000800080000000000000000000000000000000000000000008000800000000000000000000000000000000000000000080008000000000000000000000000000000000000000000800000
000080000000000000000000000000000000000000000008000800000000000000000000000000000000000000000080008000000000000000000000000000000000000000000800080000000000000000000000000000000000000000008000800000000000000000000000000000000000000000080008000000000000000000000000000000000000000000800000
000080000000000000000000000000000000000000000008000800000000000000000000000000000000000000000080008000000000000000000000000000000000000000000800080000000000000000000000000000000000000000008000800000000000000000000000000000000000000000080008000000000000000000000000000000000000000000800000
000080000000000000000000000000000000000000000008000800000000000000000000000000000000000000000080008000000000000000000000000000000000000000000800080000000000000000000000000000000000000000008000800000000000000000000000000000000000000000080008000000000000000000000000000000000000000000800000
000080000000000000000000000000000000000000000008000800000000000000000000000000000000000000000080008000000000000000000000000000000000000000000800080000000000000000000000000000000000000000008000800000000000000000000000000000000000000000080008000000000000000000000000000000000000000000800000
000080000000000000000000000ffffffff000000000000800080000000000000000000000ffffffff000000000000800080000000000000000000000ffffffff000000000000800080000000000000000000000ffffffff00000000000080008000000000000000000000ff000000ff0000000000080008000000000000000000000000fff000000000000000800000
00008000000000000000000000ffffffffff0000000000080008000000000000000000000ffffffffff0000000000080008000000000000000000000ffffffffff0000000000080008000000000000000000000ffffffffff0000000000080008000000000000000000000ff000000ff000000000008000800000000000000000000000ffff000000000000000800000
00008000000000000000000000ff000000ff0000000000080008000000000000000000000ff000000ff0000000000080008000000000000000000000ff000000ff0000000000080008000000000000000000000ff000000ff0000000000080008000000000000000000000ff000000ff00000000000800080000000000000000000000ff0ff000000000000000800000
0000800000000000000000000000000000ff0000000000080008000000000000000000000ff000000ff000000000008000800000000000000000000000000000ff0000000000080008000000000000000000000ff000000ff0000000000080008000000000000000000000ff000000ff00000000000800080000000000000000000000000ff000000000000000800000
0000800000000000000ff0000000000000ff000000000008000800000000000000ff00000ff000000ff000000000008000800000000000000ff0000000000000ff000000000008000800000000000000ff00000ff000000ff000000000008000800000000000000ff00000ff000000ff000000000008000800000000000000ff000000000ff000000000000000800000
0000800000000000000ff0000000000000ff000000000008000800000000000000ff00000ff000000ff000000000008000800000000000000ff0000000000000ff000000000008000800000000000000ff00000ff000000ff000000000008000800000000000000ff00000ff000000ff000000000008000800000000000000ff000000000ff000000000000000800000
0000800000000000000ff00000000fffffff000000000008000800000000000000ff00000ff000000ff000000000008000800000000000000ff000000fffffffff000000000008000800000000000000ff00000ff000000ff000000000008000800000000000000ff00000ff000000ff000000000008000800000000000000ff000000000ff000000000000000800000
0000800000000000ffffffff00000fffffff000000000008000800000000000ffffffff00ff000000ff000000000008000800000000000ffffffff00fffffffff0000000000008000800000000000ffffffff00ff000000ff000000000008000800000000000ffffffff00ffffffffff000000000008000800000000000ffffffff000000ff000000000000000800000
0000800000000000ffffffff0000000000ff000000000008000800000000000ffffffff00ff000000ff000000000008000800000000000ffffffff00ff00000000000000000008000800000000000ffffffff00ff000000ff000000000008000800000000000ffffffff00ffffffffff000000000008000800000000000ffffffff000000ff000000000000000800000
0000800000000000000ff0000000000000ff000000000008000800000000000000ff00000ff000000ff000000000008000800000000000000ff00000ff00000000000000000008000800000000000000ff00000ff000000ff000000000008000800000000000000ff0000000000000ff000000000008000800000000000000ff000000000ff000000000000000800000
0000800000000000000ff0000000000000ff000000000008000800000000000000ff00000ff000000ff000000000008000800000000000000ff00000ff00000000000000000008000800000000000000ff00000ff000000ff000000000008000800000000000000ff0000000000000ff000000000008000800000000000000ff000000000ff000000000000000800000
0000800000000000000ff0000000000000ff000000000008000800000000000000ff00000ff000000ff000000000008000800000000000000ff00000ff00000000000000000008000800000000000000ff00000ff000000ff000000000008000800000000000000ff0000000000000ff000000000008000800000000000000ff000000000ff000000000000000800000
0000800000000000000000000000000000ff0000000000080008000000000000000000000ff000000ff0000000000080008000000000000000000000ff000000000000000000080008000000000000000000000ff000000ff000000000008000800000000000000000000000000000ff00000000000800080000000000000000000000000ff000000000000000800000
00008000000000000000000000ff000000ff0000000000080008000000000000000000000ff000000ff0000000000080008000000000000000000000ff000000000000000000080008000000000000000000000ff000000ff000000000008000800000000000000000000000000000ff00000000000800080000000000000000000000000ff000000000000000800000
00008000000000000000000000ffffffffff0000000000080008000000000000000000000ffffffffff0000000000080008000000000000000000000ffffffffff0000000000080008000000000000000000000ffffffffff000000000008000800000000000000000000000000000ff00000000000800080000000000000000000000ffffffff000000000000800000
000080000000000000000000000ffffffff000000000000800080000000000000000000000ffffffff00000000000080008000000000000000000000ffffffffff00000000000800080000000000000000000000ffffffff0000000000008000800000000000000000000000000000ff00000000000800080000000000000000000000ffffffff000000000000800000
000080000000000000000000000000000000000000000008000800000000000000000000000000000000000000000080008000000000000000000000000000000000000000000800080000000000000000000000000000000000000000008000800000000000000000000000000000000000000000080008000000000000000000000000000000000000000000800000
000080000000000000000000000000000000000000000008000800000000000000000000000000000000000000000080008000000000000000000000000000000000000000000800080000000000000000000000000000000000000000008000800000000000000000000000000000000000000000080008000000000000000000000000000000000000000000800000
000080000000000000000000000000000000000000000008000800000000000000000000000000000000000000000080008000000000000000000000000000000000000000000800080000000000000000000000000000000000000000008000800000000000000000000000000000000000000000080008000000000000000000000000000000000000000000800000
000080000000000000000000000000000000000000000008000800000000000000000000000000000000000000000080008000000000000000000000000000000000000000000800080000000000000000000000000000000000000000008000800000000000000000000000000000000000000000080008000000000000000000000000000000000000000000800000
000080000000000000000000000000000000000000000008000800000000000000000000000000000000000000000080008000000000000000000000000000000000000000000800080000000000000000000000000000000000000000008000800000000000000000000000000000000000000000080008000000000000000000000000000000000000000000800000
000080000000000000000000000000000000000000000008000800000000000000000000000000000000000000000080008000000000000000000000000000000000000000000800080000000000000000000000000000000000000000008000800000000000000000000000000000000000000000080008000000000000000000000000000000000000000000800000
000080000000000000000000000000000000000000000008000800000000000000000000000000000000000000000080008000000000000000000000000000000000000000000800080000000000000000000000000000000000000000008000800000000000000000000000000000000000000000080008000000000000000000000000000000000000000000800000
000080000000000000000000000000000000000000000008000800000000000000000000000000000000000000000080008000000000000000000000000000000000000000000800080000000000000000000000000000000000000000008000800000000000000000000000000000000000000000080008000000000000000000000000000000000000000000800000
000080000000000000000000000000000000000000000008000800000000000000000000000000000000000000000080008000000000000000000000000000000000000000000800080000000000000000000000000000000000000000008000800000000000000000000000000000000000000000080008000000000000000000000000000000000000000000800000
000080000000000000000000000000000000000000000008000800000000000000000000000000000000000000000080008000000000000000000000000000000000000000000800080000000000000000000000000000000000000000008000800000000000000000000000000000000000000000080008000000000000000000000000000000000000000000800000
000080000000000000000000000000000000000000000008000800000000000000000000000000000000000000000080008000000000000000000000000000000000000000000800080000000000000000000000000000000000000000008000800000000000000000000000000000000000000000080008000000000000000000000000000000000000000000800000
000080000000000000000000000000000000000000000008000800000000000000000000000000000000000000000080008000000000000000000000000000000000000000000800080000000000000000000000000000000000000000008000800000000000000000000000000000000000000000080008000000000000000000000000000000000000000000800000
000080000000000000000000000000000000000000000008000800000000000000000000000000000000000000000080008000000000000000000000000000000000000000000800080000000000000000000000000000000000000000008000800000000000000000000000000000000000000000080008000000000000000000000000000000000000000000800000
000080000000000000000000000000000000000000000008000800000000000000000000000000000000000000000080008000000000000000000000000000000000000000000800080000000000000000000000000000000000000000008000800000000000000000000000000000000000000000080008000000000000000000000000000000000000000000800000
000080000000000000000000000000000000000000000008000800000000000000000000000000000000000000000080008000000000000000000000000000000000000000000800080000000000000000000000000000000000000000008000800000000000000000000000000000000000000000080008000000000000000000000000000000000000000000800000
000080000000000000000000000000000000000000000008000800000000000000000000000000000000000000000080008000000000000000000000000000000000000000000800080000000000000000000000000000000000000000008000800000000000000000000000000000000000000000080008000000000000000000000000000000000000000000800000
000080000000000000000000000000000000000000000008000800000000000000000000000000000000000000000080008000000000000000000000000000000000000000000800080000000000000000000000000000000000000000008000800000000000000000000000000000000000000000080008000000000000000000000000000000000000000000800000
000080000000000000000000000000000000000000000008000800000000000000000000000000000000000000000080008000000000000000000000000000000000000000000800080000000000000000000000000000000000000000008000800000000000000000000000000000000000000000080008000000000000000000000000000000000000000000800000
000080000000000000000000000000000000000000000008000800000000000000000000000000000000000000000080008000000000000000000000000000000000000000000800080000000000000000000000000000000000000000008000800000000000000000000000000000000000000000080008000000000000000000000000000000000000000000800000
000080000000000000000000000000000000000000000008000800000000000000000000000000000000000000000080008000000000000000000000000000000000000000000800080000000000000000000000000000000000000000008000800000000000000000000000000000000000000000080008000000000000000000000000000000000000000000800000
000080000000000000000000000000000000000000000008000800000000000000000000000000000000000000000080008000000000000000000000000000000000000000000800080000000000000000000000000000000000000000008000800000000000000000000000000000000000000000080008000000000000000000000000000000000000000000800000
000080000000000000000000000000000000000000000008000800000000000000000000000000000000000000000080008000000000000000000000000000000000000000000800080000000000000000000000000000000000000000008000800000000000000000000000000000000000000000080008000000000000000000000000000000000000000000800000
000080000000000000000000000000000000000000000008000800000000000000000000000000000000000000000080008000000000000000000000000000000000000000000800080000000000000000000000000000000000000000008000800000000000000000000000000000000000000000080008000000000000000000000000000000000000000000800000
000080000000000000000000000000000000000000000008000800000000000000000000000000000000000000000080008000000000000000000000000000000000000000000800080000000000000000000000000000000000000000008000800000000000000000000000000000000000000000080008000000000000000000000000000000000000000000800000
000080000000000000000000000000000000000000000008000800000000000000000000000000000000000000000080008000000000000000000000000000000000000000000800080000000000000000000000000000000000000000008000800000000000000000000000000000000000000000080008000000000000000000000000000000000000000000800000
000080000000000000000000000000000000000000000008000800000000000000000000000000000000000000000080008000000000000000000000000000000000000000000800080000000000000000000000000000000000000000008000800000000000000000000000000000000000000000080008000000000000000000000000000000000000000000800000
000080000000000000000000000000000000000000000008000800000000000000000000000000000000000000000080008000000000000000000000000000000000000000000800080000000000000000000000000000000000000000008000800000000000000000000000000000000000000000080008000000000000000000000000000000000000000000800000
000080000000000000000000000000000000000000000008000800000000000000000000000000000000000000000080008000000000000000000000000000000000000000000800080000000000000000000000000000000000000000008000800000000000000000000000000000000000000000080008000000000000000000000000000000000000000000800000
000080000000000000000999999999900000000000000008000800000000000000009999999999000000000000000080008000000000000000099999999990000000000000000800080000000000000000999999999900000000000000008000800000000000000009999999999000000000000000080008000000000000000099999999990000000000000000800000
000080000000000000999000000000099900000000000008000800000000000009990000000000999000000000000080008000000000000099900000000009990000000000000800080000000000000999000000000099900000000000008000800000000000009990000000000999000000000000080008000000000000099900000000009990000000000000800000
000080000000000099000000000000000099000000000008000800000000000990000000000000000990000000000080008000000000009900000000000000009900000000000800080000000000099000000000000000099000000000008000800000000000990000000000000000990000000000080008000000000009900000000000000009900000000000800000
000080000000000900000000000000000000900000000008000800000000009000000000000000000009000000000080008000000000090000000000000000000090000000000800080000000000900000000000000000000900000000008000800000000009000000000000000000009000000000080008000000000090000000000000000000090000000000800000
000080000000099000000000000000000000099000000008000800000000990000000000000000000000990000000080008000000009900000000000000000000009900000000800080000000099000000000000000000000099000000008000800000000990000000000000000000000990000000080008000000009900000000000000000000009900000000800000
00008000000009000000000c0000ccc000000090000000080008000000009000000000c0000ccc000000090000000080008000000009000000000c000000c000000090000000080008000000009000000000c0000ccc000000090000000080008000000009000000000c0000ccc000000090000000080008000000009000000000c0000ccc0000000900000000800000
0000800000009000000000cc000c000c0000000900000008000800000009000000000cc000c000c0000000900000008000800000009000000000cc00000cc00000000900000008000800000009000000000cc000c000c0000000900000008000800000009000000000cc000c000c0000000900000008000800000009000000000cc000c000c000000090000000800000
000080000009000000000c0c000c0000000000009000000800080000009000000000c0c000c000c000000009000000800080000009000000000c0c0000c0c0000000009000000800080000009000000000c0c000c000c000000009000000800080000009000000000c0c000c000c000000009000000800080000009000000000c0c0000000c000000009000000800000
00008000000900000000000c000c000000000000900000080008000000900000000000c000c00cc00000000900000080008000000900000000000c000c00c000000000900000080008000000900000000000c000c00cc00000000900000080008000000900000000000c000c000c00000000900000080008000000900000000000c0000000c000000009000000800000
00008000000900000000000c000cccc000000000900000080008000000900000000000c000c0c0c00000000900000080008000000900000000000c000c00c000000000900000080008000000900000000000c000c0c0c00000000900000080008000000900000000000c0000ccc000000000900000080008000000900000000000c000000c0000000009000000800000
00008000000900000000000c000c000c00000000900000080008000000900000000000c000cc00c00000000900000080008000000900000000000c000ccccc00000000900000080008000000900000000000c000cc00c00000000900000080008000000900000000000c000c000c00000000900000080008000000900000000000c00000c00000000009000000800000
00008000000900000000000c000c000c00000000900000080008000000900000000000c000c000c00000000900000080008000000900000000000c000000c000000000900000080008000000900000000000c000c000c00000000900000080008000000900000000000c000c000c00000000900000080008000000900000000000c0000c000000000009000000800000
00008000000900000000000c000c000c00000000900000080008000000900000000000c000c000c00000000900000080008000000900000000000c000000c000000000900000080008000000900000000000c000c000c00000000900000080008000000900000000000c000c000c00000000900000080008000000900000000000c000c0000000000009000000800000
00008000000090000000000c000c000c00000009000000080008000000090000000000c000c000c00000009000000080008000000090000000000c000000c000000009000000080008000000090000000000c000c000c00000009000000080008000000090000000000c000c000c00000009000000080008000000090000000000c000c0000000000090000000800000
000080000000090000000ccccc00ccc0000000900000000800080000000090000000ccccc00ccc0000000900000000800080000000090000000ccccc0000c0000000900000000800080000000090000000ccccc00ccc0000000900000000800080000000090000000ccccc00ccc0000000900000000800080000000090000000ccccc0ccccc000000900000000800000
000080000000099000000000000000000000099000000008000800000000990000000000000000000000990000000080008000000009900000000000000000000009900000000800080000000099000000000000000000000099000000008000800000000990000000000000000000000990000000080008000000009900000000000000000000009900000000800000
000080000000000900000000000000000000900000000008000800000000009000000000000000000009000000000080008000000000090000000000000000000090000000000800080000000000900000000000000000000900000000008000800000000009000000000000000000009000000000080008000000000090000000000000000000090000000000800000
000080000000000099000000000000000099000000000008000800000000000990000000000000000990000000000080008000000000009900000000000000009900000000000800080000000000099000000000000000099000000000008000800000000000990000000000000000990000000000080008000000000009900000000000000009900000000000800000
000080000000000000999000000000099900000000000008000800000000000009990000000000999000000000000080008000000000000099900000000009990000000000000800080000000000000999000000000099900000000000008000800000000000009990000000000999000000000000080008000000000000099900000000009990000000000000800000
000080000000000000000999999999900000000000000008000800000000000000009999999999000000000000000080008000000000000000099999999990000000000000000800080000000000000000999999999900000000000000008000800000000000000009999999999000000000000000080008000000000000000099999999990000000000000000800000
000080000000000000000000000000000000000000000008000800000000000000000000000000000000000000000080008000000000000000000000000000000000000000000800080000000000000000000000000000000000000000008000800000000000000000000000000000000000000000080008000000000000000000000000000000000000000000800000
000080000000000000000000000000000000000000000008000800000000000000000000000000000000000000000080008000000000000000000000000000000000000000000800080000000000000000000000000000000000000000008000800000000000000000000000000000000000000000080008000000000000000000000000000000000000000000800000
000080000000000000000000000000000000000000000008000800000000000000000000000000000000000000000080008000000000000000000000000000000000000000000800080000000000000000000000000000000000000000008000800000000000000000000000000000000000000000080008000000000000000000000000000000000000000000800000
000080000000000000000000000000000000000000000008000800000000000000000000000000000000000000000080008000000000000000000000000000000000000000000800080000000000000000000000000000000000000000008000800000000000000000000000000000000000000000080008000000000000000000000000000000000000000000800000
000080000000000000000000000000000000000000000008000800000000000000000000000000000000000000000080008000000000000000000000000000000000000000000800080000000000000000000000000000000000000000008000800000000000000000000000000000000000000000080008000000000000000000000000000000000000000000800000
000080000000000000000000000000000000000000000008000800000000000000000000000000000000000000000080008000000000000000000000000000000000000000000800080000000000000000000000000000000000000000008000800000000000000000000000000000000000000000080008000000000000000000000000000000000000000000800000
000088000000000000000000000000000000000000000088000880000000000000000000000000000000000000000880008800000000000000000000000000000000000000008800088000000000000000000000000000000000000000088000880000000000000000000000000000000000000000880008800000000000000000000000000000000000000008800000
000008000000000000000000000000000000000000000080000080000000000000000000000000000000000000000800000800000000000000000000000000000000000000008000008000000000000000000000000000000000000000080000080000000000000000000000000000000000000000800000800000000000000000000000000000000000000008000000
000008880000000000000000000000000000000000008880000088800000000000000000000000000000000000088800000888000000000000000000000000000000000000888000008880000000000000000000000000000000000008880000088800000000000000000000000000000000000088800000888000000000000000000000000000000000000888000000
000000088888888888888888888888888888888888888000000000888888888888888888888888888888888888880000000008888888888888888888888888888888888888800000000088888888888888888888888888888888888888000000000888888888888888888888888888888888888880000000008888888888888888888888888888888888888800000000
000000000000000000000000000000000000000000000000000000000000000000000000000000000000000000000000000000000000000000000000000000000000000000000000000000000000000000000000000000000000000000000000000000000000000000000000000000000000000000000000000000000000000000000000000000000000000000000000
000000000000000000000000000000000000000000000000000000000000000000000000000000000000000000000000000000000000000000000000000000000000000000000000000000000000000000000000000000000000000000000000000000000000000000000000000000000000000000000000000000000000000000000000000000000000000000000000
000000000000000000000000000000000000000000000000000000000000000000000000000000000000000000000000000000000000000000000000000000000000000000000000000000000000000000000000000000000000000000000000000000000000000000000000000000000000000000000000000000000000000000000000000000000000000000000000
000000000000000000000000000000000000000000000000000000000000000000000000000000000000000000000000000000000000000000000000000000000000000000000000000000000000000000000000000000000000000000000000000000000000000000000000000000000000000000000000000000000000000000000000000000000000000000000000
000000000000000000000000000000000000000000000000000000000000000000000000000000000000000000000000000000000000000000000000000000000000000000000000000000000000000000000000000000000000000000000000000000000000000000000000000000000000000000000000000000000000000000000000000000000000000000000000
000000000000000000000000000000000000000000000000000000000000000000000000000000000000000000000000000000000000000000000000000000000000000000000000000000000000000000000000000000000000000000000000000000000000000000000000000000000000000000000000000000000000000000000000000000000000000000000000
000000000000000000000000000000000000000000000000000000000000000000000000000000000000000000000000000000000000000000000000000000000000000000000000000000000000000000000000000000000000000000000000000000000000000000000000000000000000000000000000000000000000000000000000000000000000000000000000
000000000000000000000000000000000000000000000000000000000000000000000000000000000000000000000000000000000000000000000000000000000000000000000000000000000000000000000000000000000000000000000000000000000000000000000000000000000000000000000000000000000000000000000000000000000000000000000000
000000000000000000000000000000000000000000000000000000000000000000000000000000000000000000000000000000000000000000000000000000000000000000000000000000000000000000000000000000000000000000000000000000000000000000000000000000000000000000000000000000000000000000000000000000000000000000000000
000000000000000000000000000000000000000007777007777077770007770077770777770777007770070007077770000077770007770007777007777077707000700777000000007000000700000000000007777007770070007077770007770070007077700777707770077700700070777700000077700077700000000000000000000000000000000000000000
000000000000000000000000000000000000000007000707000070007070007070000000070070070007070007070000000070007070007070000070000007007000707000700000077000007700000000000070000070007070007070007070007070007007007000000700700070700070700000000700000700070000000000000000000000000000000000000000
000000000000000000000000000000000000000007000707000070007070000070000000700070070007077007070000000070007070007070000070000007007000707000700000007000070700000000000070000070000070007070007070007070007007007000000700700070770070700000000700000700770000000000000000000000000000000000000000
000000000000000000000000000000000000000007777007770077770070000077700007000070070007070707077700000077770077777007770007770007007000707777700000007000700700000070000007770070000070007077770070007070007007000777000700700070707070777000000777700707070000000000000000000000000000000000000000
000000000000000000000000000000000000000007000007000070700070000070000070000070070007070077070000000070000070007000007000007007007000707000700000007000777770000000000000007070000070007070700070007070007007000000700700700070700770700000000700070770070000000000000000000000000000000000000000
000000000000000000000000000000000000000007000007000070070070007070000700000070070007070007070000000070000070007000007000007007000707007000700000007000000700000000000000007070007070007070070070007007070007000000700700700070700070700000000700070700070000000000000000000000000000000000000000
000000000000000000000000000000000000000007000007777070007007770077770777770777007770070007077770000070000070007077770077770077700070007000700000077700000700000000000077770007770007770070007007770000700077707777007770077700700070777700000077700077700000000000000000000000000000000000000000
000000000000000000000000000000000000000000000000000000000000000000000000000000000000000000000000000000000000000000000000000000000000000000000000000000000000000000000000000000000000000000000000000000000000000000000000000000000000000000000000000000000000000000000000000000000000000000000000
000000000000000000000000000000000000000000000000000000000000000000000000000000000000000000000000000000000000000000000000000000000000000000000000000000000000000000000000000000000000000000000000000000000000000000000000000000000000000000000000000000000000000000000000000000000000000000000000
000000000000000000000000000000000000000000000000000000000000000000000000000000000000000000000000000000000000000000000000000000000000000000000000000000000000000000000000000000000000000000000000000000000000000000000000000000000000000000000000000000000000000000000000000000000000000000000000
000000000000000000000000000000000000000000000000000000000000000000000000000000000000000000000000000000000000000000000000000000000000000000000000000000000000000000000000000000000000000000000000000000000000000000000000000000000000000000000000000000000000000000000000000000000000000000000000
000000000000000000000000000000000000000000000000000000000000000000000000000000000000000000000000000000000000000000000000000000000000000000000000000000000000000000000000000000000000000000000000000000000000000000000000000000000000000000000000000000000000000000000000000000000000000000000000
000000000000000000000000000000000000000000000000000000000000000000000000000000000000000000000000000000000000000000000000000000000000000000000000000000000000000000000000000000000000000000000000000000000000000000000000000000000000000000000000000000000000000000000000000000000000000000000000
