000000000000000000000000000000000000000000000000000000000000000000000000000000000000000000000000000000000000000000000000000000000000000000000000000000000000000000000000000000000000000000000000000000000000000000000000000000000000000000000000000000000000000000000000000000000000000000000000
000000000000000000000000000000000000000000000000000000000000000000000000000000000000000000000000000000000000000000000000000000000000000000000000000000000000000000000000000000000000000000000000000000000000000000000000000000000000000000000000000000000000000000000000000000000000000000000000
000555555555555555555555555555555555555555555555555555555555555555555555555555555555555555555555555555555555555555555555555555555555555555555000000000000000000000000000000000000000000000000000000000000000000000000000000000000000000000000000000000000000000000000000000000000000000000000000
005555555555555555555555555555555555555555555555555555555555555555555555555555555555555555555555555555555555555555555555555555555555555555555500000000000000000000000000000000000000000000000000000000000000000000000000000000000000000000000000000000000000000000000000000000000000000000000000
005555555555555555555555555555555555555555555555555555555555555555555555555555555555555555555555555555555555555555555555555555555555555555555500000000000000000000000000000000000000000000000000000000000000000000000000000000000000000000000000000000000000000000000000000000000000000000000000
005555555555555555555555555555555555555555555555555555555555555555555555555555555555555555555555555555555555555555555555555555555555555555555500000000000000000000000000000000000000000000000000000000000000000000000000000000000000000000000000000000000000000000000000000000000000000000000000
005555555555555555555555555555555555555555555555555000550000550005055550005000005000500005500005555555555555555555555555555555555555555555555500000000000000000000000000000000000000333300333003000303333003333000000000000333303000303330300003000003333000000000000000000000000000000000000000
005555555555555555555555555555555555555555555555550555050555055055055555055550555505505555055555555555555555555555555555555555555555555555555500000000000000000000000000000000000003000003000303000303000030000000000000003000003003000300300003000030000000000000000000000000000000000000000000
005555555555555555555555555555555555555555555555550555050555055055055555055550555505505555055555555555555555555555555555555555555555555555555500000000000000000000000000000000000003000003000303000303000030000000000000003000003030000300300003000030000000000000000000000000000000000000000000
005555555555555555555555555555555555555555555555550000050000555055055555055550555505500055500055555555555555555555555555555555555555555555555500000000000000000000000000000000000000333003333303000303330003330000003000000333003300000300300003000003330000000000000000000000000000000000000000
005555555555555555555555555555555555555555555555550555050555055055055555055550555505505555555505555555555555555555555555555555555555555555555500000000000000000000000000000000000000000303000303000303000000003000000000000000303030000300300003000000003000000000000000000000000000000000000000
005555555555555555555555555555555555555555555555550555050555055055055555055550555505505555555505555555555555555555555555555555555555555555555500000000000000000000000000000000000000000303000300303003000000003000000000000000303003000300300003000000003000000000000000000000000000000000000000
005555555555555555555555555555555555555555555555550555050000550005000050005550555000500005000055555555555555555555555555555555555555555555555500000000000000000000000000000000000003333003000300030003333033330000000000003333003000303330333303333033330000000000000000000000000000000000000000
005555555555555555555555555555555555555555555555555555555555555555555555555555555555555555555555555555555555555555555555555555555555555555555500000000000000000000000000000000000000000000000000000000000000000000000000000000000000000000000000000000000000000000000000000000000000000000000000
005555555555555555555555555555555555555555555555555555555555555555555555555555555555555555555555555555555555555555555555555555555555555555555500000000000000000000000000000000000000000000000000000000000000000000000000000000000000000000000000000000000000000000000000000000000000000000000000
005555555555555555555555555555555555555555555555555555555555555555555555555555555555555555555555555555555555555555555555555555555555555555555500000000000000000000000000000000000000000000000000000000000000000000000000000000000000000000000000000000000000000000000000000000000000000000000000
000555555555555555555555555555555555555555555555555555555555555555555555555555555555555555555555555555555555555555555555555555555555555555555000000000000000000000000000000000000000000000000000000000000000000000000000000000000000000000000000000000000000000000000000000000000000000000000000
000000000000000000000000000000000000000000000000000000000000000000000000000000000000000000000000000000000000000000000000000000000000000000000000000000000000000000000000000000000000000000000000000000000000000000000000000000000000000000000000000000000000000000000000000000000000000000000000
002222222222222222222222222222222222222222222222222222222222222222222222222222222222222222222222222222222222222222222222222222222222222222222222222222222222222222222222222222222222222222222222222222222222222222222222222222222222222222222222222222222222222222222222222222222222222222222200
000000000000000000000000000000000000000000000000000000000000000000000000000000000000000000000000000000000000000000000000000000000000000000000000000000000000000000000000000000000000000000000000000000000000000000000000000000000000000000000000000000000000000000000000000000000000000000000000
000000000000000000000000000000000000000000000000000000000000000000000000000000000000000000000000000000000000000000000000000000000000000000000000000000000000000000000000000000000000000000000000000000000000000000000000000000000000000000000000000000000000000000000000000000000000000000000000
000000000000000000000000000000000000000000000000000000000000000000000000000000000000000000000000000000000000000000000000000000000000000000000000000000000000000000000000000000000000000000000000000000000000000000000000000000000000000000000000000000000000000000000000000000000000000000000000
000000044444444444444444444444444444444444444000000000444444444444444444444444444444444444440000000004444444444444444444444444444444444444400000000044444444444444444444444444444444444444000000000444444444444444444444444444444444444440000000004444444444444444444444444444444444444400000000
000004440000000000000000000000000000000000004440000044400000000000000000000000000000000000044400000444000000000000000000000000000000000000444000004440000000000000000000000000000000000004440000044400000000000000000000000000000000000044400000444000000000000000000000000000000000000444000000
000004000000000000000000000000000000000000000040000040000000000000000000000000000000000000000400000400000000000000000000000000000000000000004000004000000000000000000000000000000000000000040000040000000000000000000000000000000000000000400000400000000000000000000000000000000000000004000000
000044000000000000000000000000000000000000000044000440000000000000000000000000000000000000000440004400000000000000000000000000000000000000004400044000000000000000000000000000000000000000044000440000000000000000000000000000000000000000440004400000000000000000000000000000000000000004400000
000040000000000000000000000000000000000000000004000400000000000000000000000000000000000000000040004000000000000000000000000000000000000000000400040000000000000000000000000000000000000000004000400000000000000000000000000000000000000000040004000000000000000000000000000000000000000000400000
000040000000000004444404444440444440000000000004000400000000000044444004444404400440000000000040004000000000000444400044440044004400000000000400040000000000004444044004404444440000000000004000400000000000044004404444004444400000000000040004000000000000444400440044004444000000000000400000
000040000000000044000000044000440044000000000004000400000000000044004404400004400440000000000040004000000000004400440440044044004400000000000400040000000000000440044004400044000000000000004000400000000000044004400440044000000000000000040004000000000004400440440044044004400000000000400000
000040000000000044000000044000440044000000000004000400000000000044004404400000444400000000000040004000000000004400000440044044404400000000000400040000000000000440044404400044000000000000004000400000000000044004400440044000000000000000040004000000000004400000440044044004400000000000400000
000040000000000004444000044000444440000000000004000400000000000044004404444000044000000000000040004000000000004400000440044044444400000000000400040000000000000440044444400044000000000000004000400000000000044444400440004444000000000000040004000000000004400000444444044444400000000000400000
000040000000000000004400044000444400000000000004000400000000000044004404400000444400000000000040004000000000004400000440044044044400000000000400040000000000000440044044400044000000000000004000400000000000044444400440000004400000000000040004000000000004400000440044044004400000000000400000
000040000000000000004400044000440440000000000004000400000000000044004404400004400440000000000040004000000000004400440440044044004400000000000400040000000000000440044004400044000000000000004000400000000000044444400440000004400000000000040004000000000004400440440044044004400000000000400000
000040000000000044444000044000440044000000000004000400000000000044444004444404400440000000000040004000000000000444400044440044004400000000000400040000000000004444044004400044000000000000004000400000000000004444004444044444000000000000040004000000000000444400440044044004400000000000400000
000040000000000000000000000000000000000000000004000400000000000000000000000000000000000000000040004000000000000000000000000000000000000000000400040000000000000000000000000000000000000000004000400000000000000000000000000000000000000000040004000000000000000000000000000000000000000000400000
000040000000000000000000000000000000000000000004000400000000000000000000000000000000000000000040004000000000000000000000000000000000000000000400040000000000000000000000000000000000000000004000400000000000000000000000000000000000000000040004000000000000000000000000000000000000000000400000
000040000000000000000000000000000000000000000004000400000000000000000000000000000000000000000040004000000000000000000000000000000000000000000400040000000000000000000000000000000000000000004000400000000000000000000000000000000000000000040004000000000000000000000000000000000000000000400000
000040000000000000000000000000000000000000000004000400000000000000000000000000000000000000000040004000000000000000000000000000000000000000000400040000000000000000000000000000000000000000004000400000000000000000000000000000000000000000040004000000000000000000000000000000000000000000400000
000040000000000000000000000000000000000000000004000400000000000000000000000000000000000000000040004000000000000000000000000000000000000000000400040000000000000000000000000000000000000000004000400000000000000000000000000000000000000000040004000000000000000000000000000000000000000000400000
000040000000000000000000000000000000000000000004000400000000000000000000000000000000000000000040004000000000000000000000000000000000000000000400040000000000000000000000000000000000000000004000400000000000000000000000000000000000000000040004000000000000000000000000000000000000000000400000
000040000000000000000000000000000000000000000004000400000000000000000000000000000000000000000040004000000000000000000000000000000000000000000400040000000000000000000000000000000000000000004000400000000000000000000000000000000000000000040004000000000000000000000000000000000000000000400000
000040000000000000000000000000000000000000000004000400000000000000000000000000000000000000000040004000000000000000000000000000000000000000000400040000000000000000000000000000000000000000004000400000000000000000000000000000000000000000040004000000000000000000000000000000000000000000400000
000040000000000000000000000000000000000000000004000400000000000000000000000000000000000000000040004000000000000000000000000000000000000000000400040000000000000000000000000000000000000000004000400000000000000000000000000000000000000000040004000000000000000000000000000000000000000000400000
000040000000000000000000000000000000000000000004000400000000000000000000000000000000000000000040004000000000000000000000000000000000000000000400040000000000000000000000000000000000000000004000400000000000000000000000000000000000000000040004000000000000000000000000000000000000000000400000
000040000000000000000000000000000000000000000004000400000000000000000000000000000000000000000040004000000000000000000000000000000000000000000400040000000000000000000000000000000000000000004000400000000000000000000000000000000000000000040004000000000000000000000000000000000000000000400000
000040000000000000000000000000000000000000000004000400000000000000000000000000000000000000000040004000000000000000000000000000000000000000000400040000000000000000000000000000000000000000004000400000000000000000000000000000000000000000040004000000000000000000000000000000000000000000400000
000040000000000000000000000000000000000000000004000400000000000000000000000000000000000000000040004000000000000000000000000000000000000000000400040000000000000000000000000000000000000000004000400000000000000000000000000000000000000000040004000000000000000000000000000000000000000000400000
000040000000000000000000000000000000000000000004000400000000000000000000000000000000000000000040004000000000000000000000000000000000000000000400040000000000000000000000000000000000000000004000400000000000000000000000000000000000000000040004000000000000000000000000000000000000000000400000
000040000000000000000000000777777770000000000004000400000000000000000000007777777700000000000040004000000000000000000000077777777000000000000400040000000000000000000000777777770000000000004000400000000000000000000077000000770000000000040004000000000000000000000000777000000000000000400000
000040000000000000000000007777777777000000000004000400000000000000000000077777777770000000000040004000000000000000000000777777777700000000000400040000000000000000000007777777777000000000004000400000000000000000000077000000770000000000040004000000000000000000000007777000000000000000400000
000040000000000000000000007700000077000000000004000400000000000000000000077000000770000000000040004000000000000000000000770000007700000000000400040000000000000000000007700000077000000000004000400000000000000000000077000000770000000000040004000000000000000000000077077000000000000000400000
000040000000000000000000000000000077000000000004000400000000000000000000077000000770000000000040004000000000000000000000000000007700000000000400040000000000000000000007700000077000000000004000400000000000000000000077000000770000000000040004000000000000000000000000077000000000000000400000
000040000000000000077000000000000077000000000004000400000000000000770000077000000770000000000040004000000000000007700000000000007700000000000400040000000000000077000007700000077000000000004000400000000000000770000077000000770000000000040004000000000000007700000000077000000000000000400000
000040000000000000077000000000000077000000000004000400000000000000770000077000000770000000000040004000000000000007700000000000007700000000000400040000000000000077000007700000077000000000004000400000000000000770000077000000770000000000040004000000000000007700000000077000000000000000400000
000040000000000000077000000007777777000000000004000400000000000000770000077000000770000000000040004000000000000007700000077777777700000000000400040000000000000077000007700000077000000000004000400000000000000770000077000000770000000000040004000000000000007700000000077000000000000000400000
000040000000000077777777000007777777000000000004000400000000000777777770077000000770000000000040004000000000007777777700777777777000000000000400040000000000077777777007700000077000000000004000400000000000777777770077777777770000000000040004000000000007777777700000077000000000000000400000
000040000000000077777777000000000077000000000004000400000000000777777770077000000770000000000040004000000000007777777700770000000000000000000400040000000000077777777007700000077000000000004000400000000000777777770077777777770000000000040004000000000007777777700000077000000000000000400000
000040000000000000077000000000000077000000000004000400000000000000770000077000000770000000000040004000000000000007700000770000000000000000000400040000000000000077000007700000077000000000004000400000000000000770000000000000770000000000040004000000000000007700000000077000000000000000400000
000040000000000000077000000000000077000000000004000400000000000000770000077000000770000000000040004000000000000007700000770000000000000000000400040000000000000077000007700000077000000000004000400000000000000770000000000000770000000000040004000000000000007700000000077000000000000000400000
000040000000000000077000000000000077000000000004000400000000000000770000077000000770000000000040004000000000000007700000770000000000000000000400040000000000000077000007700000077000000000004000400000000000000770000000000000770000000000040004000000000000007700000000077000000000000000400000
000040000000000000000000000000000077000000000004000400000000000000000000077000000770000000000040004000000000000000000000770000000000000000000400040000000000000000000007700000077000000000004000400000000000000000000000000000770000000000040004000000000000000000000000077000000000000000400000
000040000000000000000000007700000077000000000004000400000000000000000000077000000770000000000040004000000000000000000000770000000000000000000400040000000000000000000007700000077000000000004000400000000000000000000000000000770000000000040004000000000000000000000000077000000000000000400000
000040000000000000000000007777777777000000000004000400000000000000000000077777777770000000000040004000000000000000000000777777777700000000000400040000000000000000000007777777777000000000004000400000000000000000000000000000770000000000040004000000000000000000000077777777000000000000400000
000040000000000000000000000777777770000000000004000400000000000000000000007777777700000000000040004000000000000000000000777777777700000000000400040000000000000000000000777777770000000000004000400000000000000000000000000000770000000000040004000000000000000000000077777777000000000000400000
000040000000000000000000000000000000000000000004000400000000000000000000000000000000000000000040004000000000000000000000000000000000000000000400040000000000000000000000000000000000000000004000400000000000000000000000000000000000000000040004000000000000000000000000000000000000000000400000
000040000000000000000000000000000000000000000004000400000000000000000000000000000000000000000040004000000000000000000000000000000000000000000400040000000000000000000000000000000000000000004000400000000000000000000000000000000000000000040004000000000000000000000000000000000000000000400000
000040000000000000000000000000000000000000000004000400000000000000000000000000000000000000000040004000000000000000000000000000000000000000000400040000000000000000000000000000000000000000004000400000000000000000000000000000000000000000040004000000000000000000000000000000000000000000400000
000040000000000000000000000000000000000000000004000400000000000000000000000000000000000000000040004000000000000000000000000000000000000000000400040000000000000000000000000000000000000000004000400000000000000000000000000000000000000000040004000000000000000000000000000000000000000000400000
000040000000000000000000000000000000000000000004000400000000000000000000000000000000000000000040004000000000000000000000000000000000000000000400040000000000000000000000000000000000000000004000400000000000000000000000000000000000000000040004000000000000000000000000000000000000000000400000
000040000000000000000000000000000000000000000004000400000000000000000000000000000000000000000040004000000000000000000000000000000000000000000400040000000000000000000000000000000000000000004000400000000000000000000000000000000000000000040004000000000000000000000000000000000000000000400000
000040000000000000000000000000000000000000000004000400000000000000000000000000000000000000000040004000000000000000000000000000000000000000000400040000000000000000000000000000000000000000004000400000000000000000000000000000000000000000040004000000000000000000000000000000000000000000400000
000040000000000000000000000000000000000000000004000400000000000000000000000000000000000000000040004000000000000000000000000000000000000000000400040000000000000000000000000000000000000000004000400000000000000000000000000000000000000000040004000000000000000000000000000000000000000000400000
000040000000000000000000000000000000000000000004000400000000000000000000000000000000000000000040004000000000000000000000000000000000000000000400040000000000000000000000000000000000000000004000400000000000000000000000000000000000000000040004000000000000000000000000000000000000000000400000
000040000000000000000000000000000000000000000004000400000000000000000000000000000000000000000040004000000000000000000000000000000000000000000400040000000000000000000000000000000000000000004000400000000000000000000000000000000000000000040004000000000000000000000000000000000000000000400000
000040000000000000000000000000000000000000000004000400000000000000000000000000000000000000000040004000000000000000000000000000000000000000000400040000000000000000000000000000000000000000004000400000000000000000000000000000000000000000040004000000000000000000000000000000000000000000400000
000040000000000000000000000000000000000000000004000400000000000000000000000000000000000000000040004000000000000000000000000000000000000000000400040000000000000000000000000000000000000000004000400000000000000000000000000000000000000000040004000000000000000000000000000000000000000000400000
000040000000000000000000000000000000000000000004000400000000000000000000000000000000000000000040004000000000000000000000000000000000000000000400040000000000000000000000000000000000000000004000400000000000000000000000000000000000000000040004000000000000000000000000000000000000000000400000
000040000000000000000000000000000000000000000004000400000000000000000000000000000000000000000040004000000000000000000000000000000000000000000400040000000000000000000000000000000000000000004000400000000000000000000000000000000000000000040004000000000000000000000000000000000000000000400000
000040000000000000000000000000000000000000000004000400000000000000000000000000000000000000000040004000000000000000000000000000000000000000000400040000000000000000000000000000000000000000004000400000000000000000000000000000000000000000040004000000000000000000000000000000000000000000400000
000040000000000000000000000000000000000000000004000400000000000000000000000000000000000000000040004000000000000000000000000000000000000000000400040000000000000000000000000000000000000000004000400000000000000000000000000000000000000000040004000000000000000000000000000000000000000000400000
000040000000000000000000000000000000000000000004000400000000000000000000000000000000000000000040004000000000000000000000000000000000000000000400040000000000000000000000000000000000000000004000400000000000000000000000000000000000000000040004000000000000000000000000000000000000000000400000
000040000000000000000000000000000000000000000004000400000000000000000000000000000000000000000040004000000000000000000000000000000000000000000400040000000000000000000000000000000000000000004000400000000000000000000000000000000000000000040004000000000000000000000000000000000000000000400000
000040000000000000000000000000000000000000000004000400000000000000000000000000000000000000000040004000000000000000000000000000000000000000000400040000000000000000000000000000000000000000004000400000000000000000000000000000000000000000040004000000000000000000000000000000000000000000400000
000040000000000000000000000000000000000000000004000400000000000000000000000000000000000000000040004000000000000000000000000000000000000000000400040000000000000000000000000000000000000000004000400000000000000000000000000000000000000000040004000000000000000000000000000000000000000000400000
000040000000000000000000000000000000000000000004000400000000000000000000000000000000000000000040004000000000000000000000000000000000000000000400040000000000000000000000000000000000000000004000400000000000000000000000000000000000000000040004000000000000000000000000000000000000000000400000
000040000000000000000000000000000000000000000004000400000000000000000000000000000000000000000040004000000000000000000000000000000000000000000400040000000000000000000000000000000000000000004000400000000000000000000000000000000000000000040004000000000000000000000000000000000000000000400000
000040000000000000000000000000000000000000000004000400000000000000000000000000000000000000000040004000000000000000000000000000000000000000000400040000000000000000000000000000000000000000004000400000000000000000000000000000000000000000040004000000000000000000000000000000000000000000400000
000040000000000000000000000000000000000000000004000400000000000000000000000000000000000000000040004000000000000000000000000000000000000000000400040000000000000000000000000000000000000000004000400000000000000000000000000000000000000000040004000000000000000000000000000000000000000000400000
000040000000000000000000000000000000000000000004000400000000000000000000000000000000000000000040004000000000000000000000000000000000000000000400040000000000000000000000000000000000000000004000400000000000000000000000000000000000000000040004000000000000000000000000000000000000000000400000
000040000000000000000000000000000000000000000004000400000000000000000000000000000000000000000040004000000000000000000000000000000000000000000400040000000000000000000000000000000000000000004000400000000000000000000000000000000000000000040004000000000000000000000000000000000000000000400000
000040000000000000000000000000000000000000000004000400000000000000000000000000000000000000000040004000000000000000000000000000000000000000000400040000000000000000000000000000000000000000004000400000000000000000000000000000000000000000040004000000000000000000000000000000000000000000400000
000040000000000000000000000000000000000000000004000400000000000000000000000000000000000000000040004000000000000000000000000000000000000000000400040000000000000000000000000000000000000000004000400000000000000000000000000000000000000000040004000000000000000000000000000000000000000000400000
000040000000000000000444444444400000000000000004000400000000000000004444444444000000000000000040004000000000000000044444444440000000000000000400040000000000000000444444444400000000000000004000400000000000000004444444444000000000000000040004000000000000000044444444440000000000000000400000
000040000000000000444000000000044400000000000004000400000000000004440000000000444000000000000040004000000000000044400000000004440000000000000400040000000000000444000000000044400000000000004000400000000000004440000000000444000000000000040004000000000000044400000000004440000000000000400000
000040000000000044000000000000000044000000000004000400000000000440000000000000000440000000000040004000000000004400000000000000004400000000000400040000000000044000000000000000044000000000004000400000000000440000000000000000440000000000040004000000000004400000000000000004400000000000400000
000040000000000400000000000000000000400000000004000400000000004000000000000000000004000000000040004000000000040000000000000000000040000000000400040000000000400000000000000000000400000000004000400000000004000000000000000000004000000000040004000000000040000000000000000000040000000000400000
000040000000044000000000000000000000044000000004000400000000440000000000000000000000440000000040004000000004400000000000000000000004400000000400040000000044000000000000000000000044000000004000400000000440000000000000000000000440000000040004000000004400000000000000000000004400000000400000
000040000000040000000005000055500000004000000004000400000000400000000050000555000000040000000040004000000004000000000500000050000000400000000400040000000040000000005000055500000004000000004000400000000400000000050000555000000040000000040004000000004000000000500005550000000400000000400000
000040000000400000000055000500050000000400000004000400000004000000000550005000500000004000000040004000000040000000005500000550000000040000000400040000000400000000055000500050000000400000004000400000004000000000550005000500000004000000040004000000040000000005500050005000000040000000400000
000040000004000000000505000500000000000040000004000400000040000000005050005000500000000400000040004000000400000000050500005050000000004000000400040000004000000000505000500050000000040000004000400000040000000005050005000500000000400000040004000000400000000050500000005000000004000000400000
000040000004000000000005000500000000000040000004000400000040000000000050005005500000000400000040004000000400000000000500050050000000004000000400040000004000000000005000500550000000040000004000400000040000000000050005000500000000400000040004000000400000000000500000005000000004000000400000
000040000004000000000005000555500000000040000004000400000040000000000050005050500000000400000040004000000400000000000500050050000000004000000400040000004000000000005000505050000000040000004000400000040000000000050000555000000000400000040004000000400000000000500000050000000004000000400000
000040000004000000000005000500050000000040000004000400000040000000000050005500500000000400000040004000000400000000000500055555000000004000000400040000004000000000005000550050000000040000004000400000040000000000050005000500000000400000040004000000400000000000500000500000000004000000400000
000040000004000000000005000500050000000040000004000400000040000000000050005000500000000400000040004000000400000000000500000050000000004000000400040000004000000000005000500050000000040000004000400000040000000000050005000500000000400000040004000000400000000000500005000000000004000000400000
000040000004000000000005000500050000000040000004000400000040000000000050005000500000000400000040004000000400000000000500000050000000004000000400040000004000000000005000500050000000040000004000400000040000000000050005000500000000400000040004000000400000000000500050000000000004000000400000
000040000000400000000005000500050000000400000004000400000004000000000050005000500000004000000040004000000040000000000500000050000000040000000400040000000400000000005000500050000000400000004000400000004000000000050005000500000004000000040004000000040000000000500050000000000040000000400000
000040000000040000000555550055500000004000000004000400000000400000005555500555000000040000000040004000000004000000055555000050000000400000000400040000000040000000555550055500000004000000004000400000000400000005555500555000000040000000040004000000004000000055555055555000000400000000400000
000040000000044000000000000000000000044000000004000400000000440000000000000000000000440000000040004000000004400000000000000000000004400000000400040000000044000000000000000000000044000000004000400000000440000000000000000000000440000000040004000000004400000000000000000000004400000000400000
000040000000000400000000000000000000400000000004000400000000004000000000000000000004000000000040004000000000040000000000000000000040000000000400040000000000400000000000000000000400000000004000400000000004000000000000000000004000000000040004000000000040000000000000000000040000000000400000
000040000000000044000000000000000044000000000004000400000000000440000000000000000440000000000040004000000000004400000000000000004400000000000400040000000000044000000000000000044000000000004000400000000000440000000000000000440000000000040004000000000004400000000000000004400000000000400000
000040000000000000444000000000044400000000000004000400000000000004440000000000444000000000000040004000000000000044400000000004440000000000000400040000000000000444000000000044400000000000004000400000000000004440000000000444000000000000040004000000000000044400000000004440000000000000400000
000040000000000000000444444444400000000000000004000400000000000000004444444444000000000000000040004000000000000000044444444440000000000000000400040000000000000000444444444400000000000000004000400000000000000004444444444000000000000000040004000000000000000044444444440000000000000000400000
000040000000000000000000000000000000000000000004000400000000000000000000000000000000000000000040004000000000000000000000000000000000000000000400040000000000000000000000000000000000000000004000400000000000000000000000000000000000000000040004000000000000000000000000000000000000000000400000
000040000000000000000000000000000000000000000004000400000000000000000000000000000000000000000040004000000000000000000000000000000000000000000400040000000000000000000000000000000000000000004000400000000000000000000000000000000000000000040004000000000000000000000000000000000000000000400000
000040000000000000000000000000000000000000000004000400000000000000000000000000000000000000000040004000000000000000000000000000000000000000000400040000000000000000000000000000000000000000004000400000000000000000000000000000000000000000040004000000000000000000000000000000000000000000400000
000040000000000000000000000000000000000000000004000400000000000000000000000000000000000000000040004000000000000000000000000000000000000000000400040000000000000000000000000000000000000000004000400000000000000000000000000000000000000000040004000000000000000000000000000000000000000000400000
000040000000000000000000000000000000000000000004000400000000000000000000000000000000000000000040004000000000000000000000000000000000000000000400040000000000000000000000000000000000000000004000400000000000000000000000000000000000000000040004000000000000000000000000000000000000000000400000
000040000000000000000000000000000000000000000004000400000000000000000000000000000000000000000040004000000000000000000000000000000000000000000400040000000000000000000000000000000000000000004000400000000000000000000000000000000000000000040004000000000000000000000000000000000000000000400000
000044000000000000000000000000000000000000000044000440000000000000000000000000000000000000000440004400000000000000000000000000000000000000004400044000000000000000000000000000000000000000044000440000000000000000000000000000000000000000440004400000000000000000000000000000000000000004400000
000004000000000000000000000000000000000000000040000040000000000000000000000000000000000000000400000400000000000000000000000000000000000000004000004000000000000000000000000000000000000000040000040000000000000000000000000000000000000000400000400000000000000000000000000000000000000004000000
000004440000000000000000000000000000000000004440000044400000000000000000000000000000000000044400000444000000000000000000000000000000000000444000004440000000000000000000000000000000000004440000044400000000000000000000000000000000000044400000444000000000000000000000000000000000000444000000
000000044444444444444444444444444444444444444000000000444444444444444444444444444444444444440000000004444444444444444444444444444444444444400000000044444444444444444444444444444444444444000000000444444444444444444444444444444444444440000000004444444444444444444444444444444444444400000000
000000000000000000000000000000000000000000000000000000000000000000000000000000000000000000000000000000000000000000000000000000000000000000000000000000000000000000000000000000000000000000000000000000000000000000000000000000000000000000000000000000000000000000000000000000000000000000000000
000000000000000000000000000000000000000000000000000000000000000000000000000000000000000000000000000000000000000000000000000000000000000000000000000000000000000000000000000000000000000000000000000000000000000000000000000000000000000000000000000000000000000000000000000000000000000000000000
000000000000000000000000000000000000000000000000000000000000000000000000000000000000000000000000000000000000000000000000000000000000000000000000000000000000000000000000000000000000000000000000000000000000000000000000000000000000000000000000000000000000000000000000000000000000000000000000
000000000000000000000000000000000000000000000000000000000000000000000000000000000000000000000000000000000000000000000000000000000000000000000000000000000000000000000000000000000000000000000000000000000000000000000000000000000000000000000000000000000000000000000000000000000000000000000000
000000000000000000000000000000000000000000000000000000000000000000000000000000000000000000000000000000000000000000000000000000000000000000000000000000000000000000000000000000000000000000000000000000000000000000000000000000000000000000000000000000000000000000000000000000000000000000000000
000000000000000000000000000000000000000000000000000000000000000000000000000000000000000000000000000000000000000000000000000000000000000000000000000000000000000000000000000000000000000000000000000000000000000000000000000000000000000000000000000000000000000000000000000000000000000000000000
000000000000000000000000000000000000000000000000000000000000000000000000000000000000000000000000000000000000000000000000000000000000000000000000000000000000000000000000000000000000000000000000000000000000000000000000000000000000000000000000000000000000000000000000000000000000000000000000
000000000000000000000000000000000000000000000000000000000000000000000000000000000000000000000000000000000000000000000000000000000000000000000000000000000000000000000000000000000000000000000000000000000000000000000000000000000000000000000000000000000000000000000000000000000000000000000000
000000000000000000000000000000000000000000000000000000000000000000000000000000000000000000000000000000000000000000000000000000000000000000000000000000000000000000000000000000000000000000000000000000000000000000000000000000000000000000000000000000000000000000000000000000000000000000000000
000000000000000000000000000000000000000000000033330003330003333003333033303000303333000003333003333033330003330033330333300333330333003330030003000000030000003000000000000333300033300333300300030300030333003333033300333003000300000033300033300000000000000000000000000000000000000000000000
000000000000000000000000000000000000000000000030003030003030000030000003003000303000000003000303000030003030003030000300030003000030030003030003000000330000033000000000000300030300030300030300300300030030030000003003000303000300000300000300030000000000000000000000000000000000000000000000
000000000000000000000000000000000000000000000030003030003030000030000003003000303000000003000303000030003030000030000300030003000030030003033003000000030000303000000000000300030300030300030303000300030030030000003003000303300300000300000300330000000000000000000000000000000000000000000000
000000000000000000000000000000000000000000000033330033333003330003330003003000303330000003333003330033330030000033300333300003000030030003030303000000030003003000000300000300030333330333300330000300030030003330003003000303030300000333300303030000000000000000000000000000000000000000000000
000000000000000000000000000000000000000000000030000030003000003000003003003000303000000003000003000030300030000030000300000003000030030003030033000000030003333300000000000300030300030303000303000300030030000003003003000303003300000300030330030000000000000000000000000000000000000000000000
000000000000000000000000000000000000000000000030000030003000003000003003000303003000000003000003000030030030003030000300000003000030030003030003000000030000003000000000000300030300030300300300300030300030000003003003000303000300000300030300030000000000000000000000000000000000000000000000
000000000000000000000000000000000000000000000030000030003033330033330033300030003333000003000003333030003003330033330300000003000333003330030003000000333000003000000000000333300300030300030300030003000333033330033300333003000300000033300033300000000000000000000000000000000000000000000000
000000000000000000000000000000000000000000000000000000000000000000000000000000000000000000000000000000000000000000000000000000000000000000000000000000000000000000000000000000000000000000000000000000000000000000000000000000000000000000000000000000000000000000000000000000000000000000000000
000000000000000000000000000000000000000000000000000000000000000000000000000000000000000000000000000000000000000000000000000000000000000000000000000000000000000000000000000000000000000000000000000000000000000000000000000000000000000000000000000000000000000000000000000000000000000000000000
000000000000000000000000000000000000000000000000000000000000000000000000000000000000000000000000000000000000000000000000000000000000000000000000000000000000000000000000000000000000000000000000000000000000000000000000000000000000000000000000000000000000000000000000000000000000000000000000
000000000000000000000000000000000000000000000000000000000000000000000000000000000000000000000000000000000000000000000000000000000000000000000000000000000000000000000000000000000000000000000000000000000000000000000000000000000000000000000000000000000000000000000000000000000000000000000000
000000000000000000000000000000000000000000000000000000000000000000000000000000000000000000000000000000000000000000000000000000000000000000000000000000000000000000000000000000000000000000000000000000000000000000000000000000000000000000000000000000000000000000000000000000000000000000000000
000000000000000000000000000000000000000000000000000000000000000000000000000000000000000000000000000000000000000000000000000000000000000000000000000000000000000000000000000000000000000000000000000000000000000000000000000000000000000000000000000000000000000000000000000000000000000000000000
